STARLINK-30106          
1 56288U 23056C   26061.16668981  .01307343  00000+0  65018-1 0  9996
2 56288  42.9994 250.5552 0001233 257.5819 308.3489 15.14107247  5819
STARLINK-30113          
1 56291U 23056F   26061.16668981  .01421796  00000+0  69743-1 0  9998
2 56291  43.0005 250.6052 0000878 269.9348 272.9692 15.14338270  5670
STARLINK-30090          
1 56293U 23056H   26061.16668981  .01039529  00000+0  50501-1 0  9991
2 56293  42.9995 251.2431 0001516 284.4736 344.6938 15.15131539  5815
STARLINK-30049          
1 56294U 23056J   26061.16668981  .00045680  00000+0  23928-2 0  9990
2 56294  42.9994 250.9503 0001998 271.6658  95.1100 15.15099876  5812
