STARLINK-30073          
1 56840U 23079T   26061.16668981 -.01056708  00000+0 -32560-1 0  9999
2 56840  43.0022 335.0062 0001619 288.9715 349.5201 15.35568502  5933
STARLINK-30476          
1 57930U 23147T   26060.72223334  .00068075  00000+0  19280-2 0  9998
2 57930  42.9998 317.4013 0017629 188.2045 171.8524 15.35248903135994
STARLINK-30924          
1 58412U 23180L   26061.05538366  .00000071  00000+0  10953-4 0  9994
2 58412  43.0066 308.0034 0001919 267.1839  92.8795 15.32093412128196
STARLINK-31079          
1 58598U 23200K   26061.16668981  .00159055  00000+0  42805-2 0  9997
2 58598  42.9860 183.6778 0027167 336.4996  59.0489 15.36182771  5695
STARLINK-31530          
1 59322U 24057C   26061.16668981  .00118785  00000+0  31449-2 0  9991
2 59322  42.9977 228.2785 0011038 312.4997  38.0601 15.37174038  5690
STARLINK-32477          
1 62038U 24216G   26061.16668981  .00168449  00000+0  44249-2 0  9990
2 62038  42.9979 293.6230 0011803 250.1956 161.8117 15.37185394  5856
STARLINK-34110          
1 63811U 25092H   26061.16668981  .00206996  00000+0  41747-2 0  9993
2 63811  42.9988 210.6873 0016361 330.6505  61.9521 15.44908765  5612
STARLINK-34230          
1 64137U 25111Q   26061.19305159  .00126994  00000+0  26965-2 0  9999
2 64137  42.9941 114.4138 0012336  54.0302 306.1698 15.43782761 44389
STARLINK-35772          
1 66976U 25288T   26061.04803955  .00045046  00000+0  10774-2 0  9997
2 66976  42.9938  67.0878 0001151 154.7502 205.3411 15.40751141 14111
STARLINK-36255          
1 67102U 25299A   26060.76989094  .00064612  00000+0  15402-2 0  9991
2 67102  43.0011 214.7115 0001617 265.6480  94.4192 15.40715181 11895
STARLINK-36256          
1 67103U 25299B   26060.44126611  .00063982  00000+0  15239-2 0  9992
2 67103  42.9968 216.5443 0001040 277.3650  82.7089 15.40744287 11847
STARLINK-36261          
1 67105U 25299D   26060.76765174  .00037296  00000+0  89545-3 0  9993
2 67105  42.9986 214.6943 0001225 284.9043  75.1678 15.40709793 11896
STARLINK-36259          
1 67106U 25299E   26061.13870127  .00049388  00000+0  11809-2 0  9993
2 67106  43.0005 212.3143 0001224 263.1263  96.9454 15.40725553 11952
STARLINK-36196          
1 67107U 25299F   26061.12301855  .00054558  00000+0  13027-2 0  9999
2 67107  43.0038 212.1923 0002007 280.7055  79.3576 15.40729595 11957
STARLINK-36208          
1 67108U 25299G   26061.10734423  .00065976  00000+0  15723-2 0  9990
2 67108  42.9994 212.0702 0000970  11.1435 348.9443 15.40714281 11950
STARLINK-35764          
1 67109U 25299H   26060.82352063  .00065449  00000+0  15601-2 0  9995
2 67109  42.9989 214.2508 0001048 278.7251  81.3487 15.40711092 12995
STARLINK-35781          
1 67110U 25299J   26061.13197482  .00048176  00000+0  11516-2 0  9993
2 67110  43.0027 212.2586 0003263 271.1119  88.9364 15.40740294 11955
STARLINK-35875          
1 67111U 25299K   26061.11406148  .00073442  00000+0  17463-2 0  9995
2 67111  42.9982 212.1232 0000834 295.3580  64.7190 15.40737280 11952
STARLINK-35789          
1 67113U 25299M   26061.12750522  .00074064  00000+0  17623-2 0  9995
2 67113  43.0004 212.2265 0000820 321.8214  38.2584 15.40714356 11954
STARLINK-35892          
1 67115U 25299P   26061.14319101  .00079272  00000+0  18850-2 0  9992
2 67115  42.9975 212.3459 0000509  66.3291 293.7619 15.40705460 11950
STARLINK-35738          
1 67116U 25299Q   26061.13646304  .00050170  00000+0  11995-2 0  9999
2 67116  43.0000 212.2937 0000772 262.7181  97.3588 15.40723377 11954
STARLINK-35674          
1 67117U 25299R   26060.76317015  .00082331  00000+0  19562-2 0  9994
2 67117  43.0001 214.6578 0001494 278.7438  81.3250 15.40711902 11890
STARLINK-35701          
1 67118U 25299S   26061.11181692  .00054338  00000+0  12975-2 0  9992
2 67118  42.9972 212.1032 0000740 304.1542  55.9244 15.40730779 11957
STARLINK-36179          
1 67119U 25299T   26060.76092986  .00051855  00000+0  12398-2 0  9990
2 67119  43.0002 214.6398 0001723 276.2412  83.8248 15.40708364 11895
STARLINK-36124          
1 67121U 25299V   26061.12524582  .00015505  00000+0  37717-3 0  9991
2 67121  43.0027 212.2065 0002164 276.3771  83.6839 15.40739930 11953
STARLINK-36188          
1 67122U 25299W   26061.12974354  .00060096  00000+0  14333-2 0  9991
2 67122  42.9999 212.2417 0000537 323.5473  36.5347 15.40727696 11954
STARLINK-36151          
1 67123U 25299X   26060.82127298  .00057786  00000+0  13808-2 0  9993
2 67123  43.0011 214.2318 0002190 273.4004  86.6602 15.40683968 11902
STARLINK-36195          
1 67124U 25299Y   26061.13422718  .00082318  00000+0  19562-2 0  9996
2 67124  42.9995 212.2769 0000607 321.1831  38.8981 15.40707594 11956
STARLINK-36219          
1 67125U 25299Z   26061.12077070  .00049434  00000+0  11811-2 0  9994
2 67125  42.9996 212.1717 0001301 274.1060  85.9647 15.40749299 11953
STARLINK-36223          
1 67126U 25299AA  26061.11630534  .00047230  00000+0  11306-2 0  9995
2 67126  42.9952 212.1373 0000504   7.4621 352.6243 15.40708425 11950
STARLINK-36164          
1 67127U 25299AB  26061.10958306  .00083457  00000+0  19823-2 0  9998
2 67127  42.9985 212.0845 0000689 335.9379  24.1445 15.40716957 11957
STARLINK-35685          
1 67128U 25299AC  26061.14094800  .00081625  00000+0  19402-2 0  9991
2 67128  43.0002 212.3290 0000440 297.8423  62.2389 15.40703388 11952
STARLINK-36194          
1 67130U 25299AE  26061.11854557  .00075353  00000+0  17926-2 0  9994
2 67130  42.9977 212.1562 0000466  25.3431 334.7448 15.40712405 11958
STARLINK-36484          
1 67404U 26005A   26060.96819833  .00041205  00000+0  98823-3 0  9999
2 67404  43.0000 281.7655 0001849 276.4464  83.6181 15.40702564  7513
STARLINK-36442          
1 67413U 26005K   26059.64250361  .00060262  00000+0  14365-2 0  9999
2 67413  42.9978 289.0077 0001177 268.4916  91.5805 15.40742968  7312
STARLINK-36424          
1 67419U 26005R   26058.99645673  .00071252  00000+0  16950-2 0  9999
2 67419  43.0013 292.7597 0002162 260.5612  99.5000 15.40736454  7216
STARLINK-36418          
1 67422U 26005U   26059.96440539  .00074169  00000+0  17619-2 0  9998
2 67422  43.0004 287.1233 0003606 262.0847  97.9600 15.40758497  7361
