STARLINK-1068           
1 44772U 19074BM  26061.13961633  .00122816  00000+0  13911-2 0  9998
2 44772  53.0487 216.8103 0002740 207.0535 153.0335 15.61533969347663
STARLINK-1151           
1 45081U 20006AP  26061.25002314  .01170134  00000+0  11558-1 0  9995
2 45081  53.0516 276.2836 0001457  88.1465  41.7898 15.62638725  5965
STARLINK-1143           
1 45179U 20012B   26061.25002314  .00203503  00000+0  23327-2 0  9994
2 45179  53.0478   6.2516 0007014  69.4159 171.2791 15.60900920  5882
STARLINK-1234           
1 45190U 20012N   26061.25002314  .00180145  00000+0  21228-2 0  9991
2 45190  53.0454   1.6182 0003774 305.1236 187.6074 15.60280965  5977
STARLINK-1301           
1 45361U 20019B   26061.18484829  .00114196  00000+0  12108-2 0  9995
2 45361  53.0436 140.8681 0002533 182.8962 177.2037 15.63268567329436
STARLINK-1319           
1 45379U 20019V   26061.25002314  .01235071  00000+0  13040-1 0  9999
2 45379  53.0452 166.1944 0001562  96.8006 205.6463 15.61195913  5960
STARLINK-1280           
1 45388U 20019AE  26061.25002314 -.00002848  00000+0 -23437-4 0  9998
2 45388  53.0436 159.0023 0001354 124.2197 275.7790 15.64530711  5937
STARLINK-1320           
1 45572U 20025AT  26061.15820483  .00078523  00000+0  71155-3 0  9994
2 45572  53.0503  22.8564 0007908  30.1078 330.0391 15.67344368325625
STARLINK-1411           
1 45706U 20035BB  26061.13967648  .00101934  00000+0  12119-2 0  9994
2 45706  53.0456  18.2832 0005417  94.5897 265.5735 15.60351905318741
STARLINK-1622           
1 46128U 20057M   26061.25002314  .00108214  00000+0  12196-2 0  9993
2 46128  53.0241 260.6154 0007628 145.2118  45.3679 15.61696139  5777
STARLINK-1624           
1 46130U 20057P   26061.00204435  .00116512  00000+0  11130-2 0  9994
2 46130  53.0439 270.1717 0002274 261.4225  98.6532 15.65895768307296
STARLINK-1606           
1 46144U 20057AD  26061.25002314  .00108082  00000+0  12088-2 0  9994
2 46144  53.0455 292.8493 0002736 119.0663 115.9350 15.61923709  5927
STARLINK-1667           
1 46155U 20057AQ  26061.25002314  .00108221  00000+0  12037-2 0  9995
2 46155  53.0246 261.2259 0007671 142.9624 101.0101 15.62038000  5924
STARLINK-1545           
1 46156U 20057AR  26061.25002314  .00103786  00000+0  12792-2 0  9995
2 46156  53.0464 294.7155 0002375  65.2310 326.6499 15.59408150  5702
STARLINK-1627           
1 46168U 20057BD  26061.16668981  .00003248  00000+0  31939-4 0  9994
2 46168  53.0425 262.0056 0003471  68.1525 166.7971 15.69501366  5979
STARLINK-1654           
1 46326U 20062B   26061.13489457  .00112936  00000+0  10358-2 0  9997
2 46326  53.0460  10.8856 0003860 318.1552  41.9168 15.66916471303732
STARLINK-1686           
1 46328U 20062D   26061.04531590  .00118208  00000+0  10230-2 0  9992
2 46328  53.0453 352.2158 0004695 261.0305  99.0179 15.68320828303983
STARLINK-1727           
1 46335U 20062L   26061.16668981  .00119117  00000+0  11078-2 0  9999
2 46335  53.0470  13.2733 0004547 308.0820   4.0071 15.66543146  5875
STARLINK-1764           
1 46343U 20062U   26061.05915318  .00102813  00000+0  10239-2 0  9998
2 46343  53.0466 354.5678 0000833  14.7187 345.3851 15.64910105303957
STARLINK-1547           
1 46347U 20062Y   26061.16668981  .00192572  00000+0  21432-2 0  9993
2 46347  53.0389 315.6393 0006405 117.9762 257.3229 15.61709456  5900
STARLINK-1665           
1 46356U 20062AH  26061.16668981  .00146226  00000+0  16737-2 0  9990
2 46356  53.0442  13.6414 0002350 308.8632  98.5652 15.61169900  5955
STARLINK-1707           
1 46359U 20062AL  26061.16668981  .00202134  00000+0  21910-2 0  9993
2 46359  53.0259 311.3363 0006474 113.1270 267.1053 15.62355991  5958
STARLINK-1770           
1 46383U 20062BL  26061.06403265  .00124547  00000+0  13485-2 0  9990
2 46383  53.0440 353.0615 0001457 224.0451 136.0447 15.62692030303971
STARLINK-1663           
1 46535U 20070D   26061.16668981  .00198990  00000+0  20712-2 0  9991
2 46535  53.0438 172.2272 0002648 144.2696 174.8917 15.63423284  5968
STARLINK-1678           
1 46538U 20070G   26060.50170949  .00080303  00000+0  89292-3 0  9990
2 46538  53.0451 151.7355 0000542 231.3560 128.7405 15.62208243299138
STARLINK-1741           
1 46567U 20070AM  26061.16668981  .00204504  00000+0  23382-2 0  9991
2 46567  53.0435 154.5623 0004318 164.8683 118.8974 15.60978637  5968
STARLINK-1531           
1 46572U 20070AS  26061.16668981  .00211789  00000+0  24247-2 0  9991
2 46572  53.0553 176.3137 0009594 220.7040  49.4126 15.60880308  5951
STARLINK-1677           
1 46576U 20070AW  26061.16668981  .01224706  00000+0  12317-1 0  9993
2 46576  53.0399 161.2303 0001463  85.1626  29.9655 15.62477378  5952
STARLINK-1736           
1 46585U 20070BF  26060.56786938  .00104726  00000+0  10414-2 0  9994
2 46585  53.0441 155.8963 0001504 145.1332 214.9781 15.64937701299086
STARLINK-1716           
1 46672U 20073C   26061.16668981  .00130374  00000+0  14529-2 0  9997
2 46672  53.0453 237.9687 0003346 304.5677 237.9196 15.61922278  5811
STARLINK-1795           
1 46696U 20073AC  26061.16668981  .00034183  00000+0  34362-3 0  9992
2 46696  53.0418 217.8387 0003177 111.3013 256.2158 15.65150679  5962
STARLINK-1815           
1 46713U 20073AV  26060.73389326  .00107211  00000+0  10039-2 0  9994
2 46713  53.0453 241.4518 0001016 297.3856  62.7056 15.66433522296433
STARLINK-1905           
1 46746U 20074H   26061.10315267  .00166355  00000+0  19223-2 0  9994
2 46746  53.0489 320.7287 0001599  46.9523 313.1623 15.60847621296028
STARLINK-1922           
1 46753U 20074Q   26061.16668981  .00210509  00000+0  23377-2 0  9998
2 46753  53.0471 320.5551 0003197  30.9561  60.5393 15.61717345  5878
STARLINK-1928           
1 46758U 20074V   26061.11205559  .00092154  00000+0  90606-3 0  9990
2 46758  53.0465 321.8808 0003837  38.8959 321.2331 15.65274142296018
STARLINK-1931           
1 46790U 20074BD  26061.16668981  .00190284  00000+0  20402-2 0  9992
2 46790  53.0456 320.0724 0002490  38.5214  45.0986 15.62694436  5909
STARLINK-1944           
1 46796U 20074BK  26061.05733448  .00134066  00000+0  14343-2 0  9990
2 46796  53.0470 308.2847 0000343 147.7724 212.3310 15.62960670296198
STARLINK-2093           
1 47374U 21005AB  26061.17494381  .00146245  00000+0  15647-2 0  9991
2 47374  53.0520  82.1695 0002815  74.0730 286.0594 15.62910296282096
STARLINK-1958           
1 47559U 21009M   26061.11290758  .00099257  00000+0  95506-3 0  9999
2 47559  53.0472 358.7623 0005824 329.6543  30.4134 15.65771644280458
STARLINK-1964           
1 47565U 21009T   26061.11245351  .00100979  00000+0  98782-3 0  9998
2 47565  53.0474   6.4579 0004453 296.9091  63.1468 15.65358005280348
STARLINK-1991           
1 47587U 21009AR  26061.15135584  .00099196  00000+0  98213-3 0  9999
2 47587  53.0461   9.8084 0005259  49.9462 310.2013 15.65059395280307
STARLINK-1993           
1 47588U 21009AS  26061.16267432  .00122976  00000+0  11410-2 0  9995
2 47588  53.0480  16.3959 0002160 311.5253  48.5577 15.66595475280218
STARLINK-1997           
1 47592U 21009AW  26061.16668981  .00128069  00000+0  13375-2 0  9995
2 47592  53.0421  37.3225 0008358  52.0622 319.0820 15.63563037  5970
STARLINK-2021           
1 47604U 21009BJ  26061.16668981  .00133553  00000+0  14307-2 0  9999
2 47604  53.0455  12.8520 0007481  89.2757 302.2631 15.62900660  5851
STARLINK-1655           
1 47623U 21012D   26061.16668981  .00168195  00000+0  18427-2 0  9991
2 47623  53.0445   2.9122 0003681 287.1343  77.6834 15.62217410  5714
STARLINK-2032           
1 47649U 21012AF  26061.16668981  .00114262  00000+0  11825-2 0  9990
2 47649  53.0424  50.8640 0010683  51.6554  17.5293 15.63823280  5962
STARLINK-2065           
1 47672U 21012BE  26061.17600081  .00106471  00000+0  97646-3 0  9993
2 47672  53.1519  45.9336 0007789  23.0772 337.0593 15.66921274279689
STARLINK-3149           
1 49423U 21104R   26061.16668981  .01243505  00000+0  11688-1 0  9994
2 49423  53.2162 256.8383 0000829  69.6578   0.2480 15.63743181  5792
STARLINK-5190           
1 54092U 22136AT  26061.12959551  .00069486  00000+0  65820-3 0  9992
2 54092  53.1781 211.3362 0001285 264.5018  95.5852 15.66333525188041
