STARLINK-3096           
1 49131U 21082B   26061.16668981  .01210365  00000+0  53872-1 0  9994
2 49131  69.9993 272.8875 0003470 267.2482 312.2878 15.18348157  5749
STARLINK-3107           
1 49171U 21082AT  26061.10108169  .00032179  00000+0  19661-2 0  9992
2 49171  69.9949 307.4645 0007821 256.3191 103.7103 15.10119389246155
STARLINK-5895           
1 55964U 23037BC  26061.03495509  .00017501  00000+0  11719-2 0  9998
2 55964  69.9966 280.2203 0005222 271.3585  88.6980 15.06936713163410
STARLINK-6214           
1 56480U 23064AJ  26061.16977135  .00006944  00000+0  31151-3 0  9998
2 56480  69.9922 112.2794 0003177 256.0055 104.0763 15.21629658155398
STARLINK-6197           
1 56767U 23078A   26061.17391395  .00028144  00000+0  14330-2 0  9995
2 56767  69.9930   9.2260 0007480 224.5201 135.5368 15.16683651151418
STARLINK-36159          
1 67079U 25298E   26061.16668981 -.02506862  00000+0 -15355+0 0  9993
2 67079  70.0010  33.4651 0003592 266.1775 303.0135 15.14071491  5883
STARLINK-36158          
1 67080U 25298F   26061.16668981 -.02171379  00000+0 -14462+0 0  9994
2 67080  70.0013  33.3253 0003316 268.1170  67.2591 15.10541274  5893
STARLINK-35864          
1 67081U 25298G   26061.16668981 -.02937808  00000+0 -20054+0 0  9996
2 67081  69.9988  33.3665 0003085 257.4989  35.4036 15.10195724  5897
STARLINK-36035          
1 67082U 25298H   26061.16668981 -.02831442  00000+0 -19721+0 0  9993
2 67082  69.9981  33.4179 0002507 260.4872 348.9644 15.09320709  5882
STARLINK-35794          
1 67085U 25298L   26061.16668981 -.02141785  00000+0 -16221+0 0  9992
2 67085  70.0023  33.5493 0003135 272.7152 224.7531 15.05804057  5885
STARLINK-35842          
1 67087U 25298N   26061.16668981 -.02216307  00000+0 -13224+0 0  9997
2 67087  70.0001  33.6195 0002316 276.2652 157.5979 15.14540660  5681
STARLINK-36060          
1 67090U 25298R   26061.16668981 -.03429836  00000+0 -27882+0 0  9990
2 67090  70.0002  33.4330 0001700 247.5851 337.1465 15.03768687  5891
STARLINK-35784          
1 67093U 25298U   26061.16668981 -.02911323  00000+0 -22168+0 0  9991
2 67093  70.0002  33.4996 0002320 273.9764 257.6372 15.06181509  5884
STARLINK-36202          
1 67094U 25298V   26061.16668981 -.02157518  00000+0 -16022+0 0  9992
2 67094  70.0019  33.4578 0002898 266.8870 309.5706 15.06559152  5799
STARLINK-36227          
1 67095U 25298W   26061.16668981 -.04938191  00000+0 -41579+0 0  9994
2 67095  69.9981  33.4474 0003217 279.9722 291.6868 15.03453955  5899
STARLINK-36205          
1 67098U 25298Z   26061.16668981 -.02180216  00000+0 -16049+0 0  9996
2 67098  70.0021  33.4976 0002872 274.3285 267.3805 15.06920281  5880
STARLINK-36193          
1 67099U 25298AA  26061.16668981 -.02159612  00000+0 -12307+0 0  9996
2 67099  69.9988  33.5266 0002906 268.7837 246.4773 15.16661404  5681
STARLINK-36200          
1 67101U 25298AC  26061.16668981 -.02094140  00000+0 -17909+0 0  9997
2 67101  70.0029  33.5913 0003233 271.4798 184.6081 15.01181270  5580
