STARLINK-36818          
1 67879U 26035A   26061.16668981 -.00777471  21179-3 -13187-2 0  9993
2 67879  97.2802 352.8885 0001180 114.8316  84.3142 16.02655408  2540
STARLINK-36821          
1 67880U 26035B   26061.16668981 -.00766868  20690-3 -12867-2 0  9994
2 67880  97.2798 352.8907 0001015 116.2476  87.7735 16.02839911  2549
STARLINK-36808          
1 67881U 26035C   26061.16668981 -.00775182  21081-3 -13095-2 0  9993
2 67881  97.2799 352.8894 0001071 110.6367  90.3202 16.02725117  2546
STARLINK-36817          
1 67882U 26035D   26061.16668981 -.00773460  21078-3 -12810-2 0  9991
2 67882  97.2793 352.8928 0001016 101.3912 108.5883 16.03061315  2542
STARLINK-36856          
1 67883U 26035E   26061.16668981 -.00779765  21373-3 -12992-2 0  9995
2 67883  97.2797 352.8918 0001091 104.3461 102.8665 16.02961234  2544
STARLINK-36842          
1 67884U 26035F   26061.16668981 -.00775345  21200-3 -12763-2 0  9991
2 67884  97.2794 352.8942 0001006  98.7086 113.8239 16.03165371  2542
STARLINK-36826          
1 67885U 26035G   26061.16668981 -.00775112  21209-3 -12699-2 0  9991
2 67885  97.2793 352.8951 0000998  95.1983 119.3304 16.03246199  2540
STARLINK-36390          
1 67886U 26035H   26061.16668981 -.00772806  21122-3 -12572-2 0  9993
2 67886  97.2790 352.8962 0000999 105.5195 112.1584 16.03366022  2596
STARLINK-36368          
1 67887U 26035J   26061.16668981 -.00777603  21397-3 -12561-2 0  9996
2 67887  97.2789 352.8976 0001121 113.2896 107.3627 16.03485467  2546
STARLINK-36801          
1 67888U 26035K   26061.16668981 -.00777888  21440-3 -12483-2 0  9994
2 67888  97.2789 352.8988 0001004 103.0909 120.4175 16.03597417  2545
STARLINK-36372          
1 67889U 26035L   26061.16668981 -.00771624  21175-3 -12224-2 0  9995
2 67889  97.2784 352.9010 0000993 100.6719 128.2818 16.03813591  2540
STARLINK-36363          
1 67890U 26035M   26061.16668981 -.00746570  19894-3 -11881-2 0  9992
2 67890  97.2788 352.9003 0001045 117.0128 109.7372 16.03732550  2547
STARLINK-36816          
1 67891U 26035N   26061.16668981 -.00774585  21782-3 -11059-2 0  9996
2 67891  97.2759 352.9176 0000901 101.9957 168.2076 16.05543164  2431
STARLINK-36813          
1 67892U 26035P   26061.16668981 -.00780917  21901-3 -11692-2 0  9999
2 67892  97.2764 352.9097 0000917  96.7080 155.0961 16.04758178  2546
STARLINK-36803          
1 67893U 26035Q   26061.16668981 -.00786670  21988-3 -12356-2 0  9995
2 67893  97.2783 352.9024 0001025 111.7265 120.6970 16.03958912  2547
STARLINK-36846          
1 67894U 26035R   26061.16668981 -.00778450  21636-3 -12023-2 0  9994
2 67894  97.2779 352.9054 0001063 112.6392 126.8498 16.04240444  2547
STARLINK-36866          
1 67895U 26035S   26061.16668981 -.00770722  21271-3 -11815-2 0  9992
2 67895  97.2778 352.9067 0000896  94.1545 148.3919 16.04363612  2548
STARLINK-36877          
1 67896U 26035T   26061.16668981 -.00790578  22232-3 -12307-2 0  9999
2 67896  97.2780 352.9037 0001002  86.4488 149.6580 16.04109489  2547
STARLINK-36870          
1 67897U 26035U   26061.16668981 -.00758559  20690-3 -11520-2 0  9995
2 67897  97.2775 352.9078 0000887 105.9839 140.0764 16.04518824  2540
STARLINK-36810          
1 67898U 26035V   26061.16668981 -.00788214  22250-3 -11890-2 0  9991
2 67898  97.2773 352.9091 0000954 101.8615 146.9627 16.04635486  2543
STARLINK-36878          
1 67899U 26035W   26061.16668981 -.00765224  21117-3 -11385-2 0  9998
2 67899  97.2770 352.9114 0000991 109.8028 144.5000 16.04860919  2544
STARLINK-36361          
1 67900U 26035X   26061.16668981 -.00780614  21950-3 -11520-2 0  9997
2 67900  97.2769 352.9129 0000923  95.2965 162.0082 16.04998673  2548
STARLINK-36336          
1 67901U 26035Y   26061.16668981 -.00756394  20802-3 -10895-2 0  9995
2 67901  97.2769 352.9168 0000885 100.8327 165.5602 16.05394958  2592
STARLINK-36876          
1 67902U 26035Z   26061.16668981 -.00772070  21535-3 -11317-2 0  9999
2 67902  97.2773 352.9146 0000936 109.5758 150.3418 16.05109754  2545
STARLINK-36257          
1 67903U 26035AA  26061.16668981 -.00767550  21333-3 -11168-2 0  9997
2 67903  97.2769 352.9150 0000888 102.2175 160.4450 16.05230269  2594
