STARLINK-6256           
1 56401U 23061AD  26061.16668981  .00227906  00000+0  97014-3 0  9997
2 56401  42.9929 153.2265 0010700  10.1489  58.0306 15.83754159  6026
STARLINK-30504          
1 57980U 23151S   26061.16668981  .00301928  41215-4  97358-3 0  9996
2 57980  42.9778 252.4864 0026393 290.4003 220.4910 15.89509045  5964
STARLINK-30513          
1 58071U 23158W   26061.16668981  .00450392  82832-4  15007-2 0  9995
2 58071  42.9812 128.2982 0024458  51.6454 183.8820 15.88912230  5980
STARLINK-30995          
1 58474U 23186B   26061.16668981  .00407467  70223-4  12274-2 0  9992
2 58474  42.9796 265.7921 0026355 277.2195 209.8865 15.90790123  5812
STARLINK-31299          
1 59080U 24041G   26061.16668981  .00289799  00000+0  11990-2 0  9998
2 59080  42.9828 237.6454 0027535 305.6173  90.6772 15.83699988  5973
STARLINK-31304          
1 59231U 24049A   26061.16668981  .00235286  00000+0  11807-2 0  9993
2 59231  42.9853 159.3162 0025811  23.5082 297.0635 15.79805311  5914
STARLINK-11687 [DTC]    
1 63555U 25075H   26061.16668981  .00296739  00000+0  12039-2 0  9995
2 63555  42.9925 198.3801 0009664 345.9078  22.1263 15.84601058  5973
STARLINK-36548          
1 67617U 26020A   26060.38151296  .00304395  00000+0  18034-2 0  9997
2 67617  42.9989 192.7787 0001340 269.2183  90.8533 15.76397956  4774
STARLINK-36601          
1 67618U 26020B   26060.71787897  .00168637  00000+0  10159-2 0  9994
2 67618  42.9994 190.1114 0001369 283.5517  76.5200 15.76415188  4835
STARLINK-36119          
1 67619U 26020C   26061.00002314  .00039089  00000+0  24211-3 0  9995
2 67619  43.0000 188.9878 0001584 247.7200  39.0579 15.76349090  6055
STARLINK-36607          
1 67620U 26020D   26061.04563571  .00419253  00000+0  24282-2 0  9990
2 67620  42.9978 188.2758 0002039 323.3581  36.7149 15.76590778  4885
STARLINK-36615          
1 67621U 26020E   26060.70912308  .00320868  00000+0  18938-2 0  9993
2 67621  42.9993 190.0388 0001763 296.0367  64.0321 15.76437496  4832
STARLINK-36614          
1 67622U 26020F   26061.00002314 -.00024686  00000+0 -14894-3 0  9994
2 67622  42.9998 188.9257 0001665 270.9406  40.7062 15.76381705  6055
STARLINK-36600          
1 67623U 26020G   26061.07409995  .00447020  00000+0  25918-2 0  9995
2 67623  42.9998 188.5056 0000961 317.8284  42.2511 15.76487731  4883
STARLINK-36439          
1 67624U 26020H   26061.06315776  .00344972  00000+0  20301-2 0  9991
2 67624  42.9994 188.4170 0001968  45.9313 314.1719 15.76435849  4880
STARLINK-36438          
1 67625U 26020J   26061.06971823  .00369823  00000+0  21579-2 0  9993
2 67625  42.9990 188.4699 0001783 300.7828  59.2866 15.76559632  4888
STARLINK-36436          
1 67626U 26020K   26061.04125513  .00332859  00000+0  19528-2 0  9999
2 67626  42.9974 188.2376 0001583 323.1909  36.8852 15.76540213  4889
STARLINK-36502          
1 67627U 26020L   26060.71350148  .00374935  00000+0  21960-2 0  9991
2 67627  42.9998 190.0757 0002021 297.6842  62.3822 15.76459883  4837
STARLINK-36532          
1 67628U 26020M   26060.71131263  .00328811  00000+0  19388-2 0  9990
2 67628  42.9997 190.0566 0001495 290.1795  69.8914 15.76436446  4838
STARLINK-36367          
1 67629U 26020N   26061.05220629  .00385223  00000+0  22551-2 0  9990
2 67629  42.9988 188.3284 0001387 355.5690   4.5167 15.76442221  4885
STARLINK-36416          
1 67630U 26020P   26061.06753184  .00334797  00000+0  19620-2 0  9993
2 67630  42.9990 188.4522 0001139 317.1633  42.9148 15.76558634  4883
STARLINK-36527          
1 67631U 26020Q   26061.00002314 -.00017224  00000+0 -10294-3 0  9994
2 67631  43.0004 188.2093 0001741 270.2245 327.5720 15.76376961  6117
STARLINK-36633          
1 67632U 26020R   26060.72007237  .00348481  00000+0  20497-2 0  9997
2 67632  43.0001 190.1290 0001742 290.5082  69.5601 15.76437700  4838
STARLINK-36637          
1 67633U 26020S   26061.06534595  .00312689  00000+0  18484-2 0  9992
2 67633  42.9998 188.4347 0001375  39.5186 320.5783 15.76424575  4885
STARLINK-36617          
1 67634U 26020T   26060.70693435  .00310418  00000+0  18347-2 0  9998
2 67634  42.9999 190.0226 0001687 291.6247  68.4442 15.76434355  4839
STARLINK-36627          
1 67635U 26020U   26061.05878112  .00362280  00000+0  21279-2 0  9997
2 67635  42.9985 188.3809 0001945  49.8097 310.2943 15.76430596  4887
STARLINK-36624          
1 67636U 26020V   26060.72225946  .00354426  00000+0  20826-2 0  9992
2 67636  42.9989 190.1471 0001913 287.3327  72.7334 15.76443296  4838
STARLINK-36610          
1 67637U 26020W   26061.06095951  .00305026  00000+0  18046-2 0  9995
2 67637  42.9992 188.3984 0000897 296.5910  63.4867 15.76427134  4887
STARLINK-36599          
1 67638U 26020X   26060.70255012  .00246459  00000+0  14684-2 0  9990
2 67638  42.9992 189.9851 0001632 280.2584  79.8102 15.76434634  4834
STARLINK-36595          
1 67639U 26020Y   26060.71569336  .00398455  00000+0  23275-2 0  9999
2 67639  42.9988 190.0916 0001307 306.7819  53.2931 15.76454204  4830
STARLINK-36570          
1 67640U 26020Z   26061.05439057  .00331334  00000+0  19442-2 0  9999
2 67640  42.9990 188.3443 0002156 305.6647  54.4022 15.76540140  4884
STARLINK-36514          
1 67641U 26020AA  26060.38356133  .00476614  00000+0  27366-2 0  9993
2 67641  42.9977 191.8924 0002025 246.2506 113.8152 15.76628337  4780
STARLINK-36556          
1 67642U 26020AB  26060.40983582  .00517942  00000+0  29546-2 0  9993
2 67642  42.9995 192.1063 0002261 240.3155 119.7490 15.76662002  4783
STARLINK-36533          
1 67643U 26020AC  26061.05658475  .00403715  00000+0  23471-2 0  9999
2 67643  42.9983 188.3615 0001241 339.2500  20.8319 15.76546616  4885
STARLINK-36623          
1 67644U 26020AD  26061.05001434  .00411494  00000+0  23862-2 0  9994
2 67644  42.9986 188.3076 0001780 323.4724  36.6024 15.76584228  4880
STARLINK-36619          
1 67645U 26020AE  26061.04783185  .00356059  00000+0  20917-2 0  9997
2 67645  42.9985 188.2907 0002213  37.7114 322.3910 15.76444442  4884
STARLINK-36644          
1 67821U 26033A   26061.11831662  .00112739  00000+0  52954-3 0  9991
2 67821  42.9974 317.9271 0001761 278.1336  81.9336 15.82074013  3426
STARLINK-36643          
1 67822U 26033B   26061.11757215  .00146167  00000+0  68364-3 0  9997
2 67822  42.9976 317.9206 0001798 278.6190  81.4478 15.82059126  3420
STARLINK-36646          
1 67823U 26033C   26061.16668981  .00057505  00000+0  27430-3 0  9990
2 67823  42.9985 317.6118 0001791 268.4943  15.8837 15.81977443  3459
STARLINK-36647          
1 67824U 26033D   26061.16668981  .00196382  00000+0  91880-3 0  9998
2 67824  42.9984 317.6013 0001859 282.4626   6.2150 15.81906938  3455
STARLINK-36648          
1 67825U 26033E   26061.16668981  .00163564  00000+0  76832-3 0  9995
2 67825  42.9981 317.5903 0001792 264.4873  28.4704 15.81914939  3451
STARLINK-35865          
1 67826U 26033F   26061.16668981  .00126220  00000+0  59554-3 0  9996
2 67826  42.9983 317.5796 0001836 283.1127  14.1059 15.81932981  3455
STARLINK-36289          
1 67827U 26033G   26061.16668981  .00078822  00000+0  37439-3 0  9999
2 67827  42.9982 317.5686 0001953 253.3020  48.1785 15.81961865  3450
STARLINK-36670          
1 67828U 26033H   26061.16668981  .00118001  00000+0  55669-3 0  9999
2 67828  42.9984 317.5581 0001678 265.4368  40.3093 15.81962946  3457
STARLINK-36144          
1 67829U 26033J   26061.16668981  .00002055  00000+0  12297-4 0  9992
2 67829  42.9983 317.5473 0001978 257.4843  52.5275 15.82006006  3453
STARLINK-36611          
1 67830U 26033K   26061.16668981  .00042952  00000+0  20576-3 0  9992
2 67830  42.9984 317.5369 0001898 260.9450  53.3426 15.81987453  3454
STARLINK-36661          
1 67831U 26033L   26061.16668981  .00099046  00000+0  46897-3 0  9993
2 67831  42.9982 317.5255 0002282 288.8926  29.6817 15.81949078  3453
STARLINK-36662          
1 67832U 26033M   26061.16668981  .00073122  00000+0  31043-3 0  9998
2 67832  42.9969 316.7943 0002006 283.8538 324.0776 15.84366000  3459
STARLINK-36659          
1 67833U 26033N   26061.16668981  .00151201  00000+0  71075-3 0  9993
2 67833  42.9982 317.5153 0001139 278.6571  44.1903 15.81936951  3459
STARLINK-36655          
1 67834U 26033P   26061.16668981  .00230203  00000+0  10732-2 0  9996
2 67834  42.9980 317.5045 0001898 257.7559  69.3913 15.81891028  3459
STARLINK-36657          
1 67835U 26033Q   26061.16668981  .00065161  00000+0  31013-3 0  9992
2 67835  42.9981 317.4937 0001649 269.8355  61.5360 15.81982796  3455
STARLINK-36650          
1 67836U 26033R   26061.16668981  .00213084  00000+0  99548-3 0  9999
2 67836  42.9981 317.4828 0001749 262.8538  72.8401 15.81892331  3458
STARLINK-36649          
1 67837U 26033S   26061.16668981  .00099129  00000+0  46907-3 0  9993
2 67837  42.9984 317.4726 0002364 293.8336  46.0976 15.81961674  3450
STARLINK-36654          
1 67838U 26033T   26061.16668981  .00194789  00000+0  91141-3 0  9992
2 67838  42.9983 317.4612 0001160 273.0896  71.1330 15.81910452  3459
STARLINK-36652          
1 67839U 26033U   26061.16668981  .00175529  00000+0  82274-3 0  9991
2 67839  42.9984 317.4508 0001855 281.4991  66.9900 15.81926501  3452
STARLINK-36651          
1 67840U 26033V   26061.16668981  .00143391  00000+0  67417-3 0  9997
2 67840  42.9981 317.4402 0001754 273.0792  79.6563 15.81955641  3451
STARLINK-36656          
1 67841U 26033W   26061.16668981  .00222824  00000+0  10411-2 0  9998
2 67841  42.9982 317.4294 0002703 269.9618  87.1314 15.81862615  3454
STARLINK-36653          
1 67842U 26033X   26061.16668981  .00242711  00000+0  11311-2 0  9996
2 67842  42.9982 317.4184 0001970 255.2509 106.1003 15.81865324  3452
STARLINK-36589          
1 67843U 26033Y   26061.16668981  .00148685  00000+0  69972-3 0  9999
2 67843  42.9987 317.4078 0001747 267.0755  98.5256 15.81919288  3459
STARLINK-36598          
1 67844U 26033Z   26061.16668981  .00148624  00000+0  69856-3 0  9994
2 67844  42.9985 317.3967 0001959 286.3358  83.5002 15.81946058  3450
STARLINK-36606          
1 67845U 26033AA  26061.16668981  .00183720  00000+0  86135-3 0  9990
2 67845  42.9983 317.3857 0001544 258.8673 115.2825 15.81898230  3455
STARLINK-36658          
1 67846U 26033AB  26061.16668981  .00138514  00000+0  65249-3 0  9995
2 67846  42.9985 317.3753 0001295 281.0862  97.3175 15.81929843  3457
STARLINK-36660          
1 67848U 26033AD  26061.16668981  .00047446  00000+0  22705-3 0  9990
2 67848  42.9987 317.3640 0001841 254.2214 128.4440 15.81974797  3455
STARLINK-36602          
1 67849U 26033AE  26061.16668981  .00138081  00000+0  64987-3 0  9995
2 67849  42.9984 317.3531 0001952 301.1678  85.7624 15.81949579  3450
STARLINK-36814          
1 67904U 26036A   26061.16668981 -.01511300  00000+0 -63786-2 0  9997
2 67904  42.9953 295.9517 0001721 274.9825 247.3372 15.87034420  2437
STARLINK-36729          
1 67905U 26036B   26061.16668981 -.01500501  00000+0 -62636-2 0  9992
2 67905  42.9949 295.9435 0001678 276.0032 249.3864 15.87236411  2438
STARLINK-36763          
1 67906U 26036C   26061.16668981 -.01498934  00000+0 -61977-2 0  9996
2 67906  42.9950 295.9355 0001644 280.4818 248.0754 15.87424431  2431
STARLINK-36742          
1 67907U 26036D   26061.16668981 -.01463924  00000+0 -61134-2 0  9993
2 67907  42.9950 295.9279 0001691 274.6585 256.9061 15.87624536  2432
STARLINK-36827          
1 67908U 26036E   26061.16668981 -.01463993  00000+0 -60630-2 0  9990
2 67908  42.9951 295.9199 0001677 274.5001 260.3358 15.87790175  2432
STARLINK-36822          
1 67909U 26036F   26061.16668981 -.01459063  00000+0 -59863-2 0  9990
2 67909  42.9953 295.9121 0001670 275.0102 262.9514 15.87965026  2432
STARLINK-36847          
1 67910U 26036G   26061.16668981 -.01450012  00000+0 -58934-2 0  9995
2 67910  42.9952 295.9040 0001733 273.8915 267.2117 15.88130975  2436
STARLINK-36736          
1 67911U 26036H   26061.16668981 -.01451850  00000+0 -58509-2 0  9995
2 67911  42.9951 295.8959 0001712 276.7518 267.4798 15.88302776  2439
STARLINK-36676          
1 67912U 26036J   26061.16668981 -.01445023  00000+0 -57676-2 0  9995
2 67912  42.9952 295.8887 0001715 275.3283 271.8878 15.88478020  2432
STARLINK-36690          
1 67913U 26036K   26061.16668981 -.01442779  00000+0 -57125-2 0  9990
2 67913  42.9952 295.8805 0001752 273.9872 276.4409 15.88630904  2434
STARLINK-36724          
1 67914U 26036L   26061.16668981 -.01445442  00000+0 -56285-2 0  9997
2 67914  42.9950 295.8648 0001634 273.0320 283.4872 15.88964782  2432
STARLINK-36723          
1 67915U 26036M   26061.16668981 -.01439299  00000+0 -56524-2 0  9997
2 67915  42.9953 295.8724 0001807 274.9880 278.6407 15.88783167  2430
STARLINK-36721          
1 67916U 26036N   26061.16668981 -.01438620  00000+0 -55584-2 0  9990
2 67916  42.9954 295.8571 0001694 277.4082 282.3851 15.89102167  2439
STARLINK-36722          
1 67917U 26036P   26061.16668981 -.01435471  00000+0 -54977-2 0  9997
2 67917  42.9953 295.8494 0001821 271.2826 291.4868 15.89265400  2432
STARLINK-36341          
1 67918U 26036Q   26061.16668981 -.01440724  00000+0 -54302-2 0  9997
2 67918  42.9953 295.8342 0001818 270.6759 298.0653 15.89587970  2433
STARLINK-36663          
1 67919U 26036R   26061.16668981 -.01438931  00000+0 -54676-2 0  9999
2 67919  42.9955 295.8420 0001729 273.2860 292.4758 15.89427891  2435
STARLINK-36375          
1 67920U 26036S   26061.16668981 -.01424845  00000+0 -53231-2 0  9996
2 67920  42.9954 295.8266 0001787 275.3793 296.4436 15.89727519  2433
STARLINK-36405          
1 67921U 26036T   26061.16668981 -.01433548  00000+0 -53135-2 0  9990
2 67921  42.9955 295.8196 0001746 272.4448 302.1929 15.89899086  2438
STARLINK-36383          
1 67922U 26036U   26061.16668981 -.01411644  00000+0 -51840-2 0  9995
2 67922  42.9956 295.8118 0001875 273.3886 304.3374 15.90032071  2436
STARLINK-36406          
1 67923U 26036V   26061.16668981 -.01415379  00000+0 -51578-2 0  9993
2 67923  42.9956 295.8046 0001781 273.8695 306.7274 15.90190088  2434
STARLINK-36714          
1 67924U 26036W   26061.16668981 -.01419482  00000+0 -51321-2 0  9999
2 67924  42.9957 295.7974 0001775 275.1788 308.2549 15.90350581  2434
STARLINK-36726          
1 67925U 26036X   26061.16668981 -.01417548  00000+0 -50808-2 0  9990
2 67925  42.9956 295.7906 0001822 273.2797 312.8181 15.90513309  2433
STARLINK-36758          
1 67926U 26036Y   26061.16668981 -.01404015  00000+0 -49884-2 0  9998
2 67926  42.9955 295.7831 0001837 272.6241 316.3569 15.90654180  2435
STARLINK-36728          
1 67927U 26036Z   26061.16668981 -.01399835  00000+0 -48990-2 0  9999
2 67927  42.9955 295.7677 0001871 271.4998 323.4860 15.90935244  2434
STARLINK-36771          
1 67928U 26036AA  26061.16668981 -.01418675  00000+0 -50107-2 0  9997
2 67928  42.9954 295.7748 0001873 271.9633 320.2247 15.90796734  2439
STARLINK-36809          
1 67929U 26036AB  26061.16668981 -.01407317  00000+0 -48906-2 0  9993
2 67929  42.9954 295.7603 0001854 271.4787 326.4406 15.91084888  2430
STARLINK-36865          
1 67930U 26036AC  26061.16668981 -.01600351  71040-3 -48266-2 0  9993
2 67930  42.9953 295.7453 0001903 271.1702 332.6497 15.91367038  2433
STARLINK-36781          
1 67931U 26036AD  26061.16668981 -.01609587  71704-3 -48886-2 0  9999
2 67931  42.9955 295.7530 0001818 274.1799 326.6608 15.91232844  2439
