STARLINK-1112           
1 44925U 20001M   26061.08313429  .00553321  15417-3  83421-3 0  9993
2 44925  53.0349 280.5749 0003406 249.1739 110.8928 16.04063234340109
STARLINK-1484           
1 45756U 20038AC  26061.25002314  .00356787  62459-4  82980-3 0  9998
2 45756  52.9999  95.0337 0007033  29.2822 196.3315 15.96533510  6065
STARLINK-1738           
1 46336U 20062M   26061.16668981  .00744604  25778-3  15912-2 0  9999
2 46336  53.0298 319.2752 0005623 123.5588  66.2490 15.98039824  6022
STARLINK-1712           
1 46581U 20070BB  26061.16668981  .00451396  91506-4  12184-2 0  9994
2 46581  53.0320 119.0650 0006829 329.9624  57.9487 15.93748313  5910
STARLINK-1955           
1 47556U 21009J   26061.16668981  .00416752  76665-4  13152-2 0  9992
2 47556  53.0363   3.6122 0003398 100.0008 135.2576 15.90793448  6011
STARLINK-3767           
1 52376U 22045AX  26061.16668981  .01200207  68704-3  31623-2 0  9993
2 52376  53.2117 210.7859 0000752  88.2825 147.5531 15.94320958  5842
STARLINK-4038           
1 53150U 22083U   26061.16668981  .00353054  57220-4  11582-2 0  9998
2 53150  53.2061 158.4730 0007375 336.7715  22.1216 15.90024588  6030
STARLINK-30559          
1 58039U 23156M   26061.21978020  .00386385  66395-4  12785-2 0  9997
2 58039  53.1375 197.2830 0014626 302.6134  57.3480 15.89696247133965
STARLINK-31145          
1 58768U 24011D   26061.16668981  .00378020  64229-4  12281-2 0  9995
2 58768  53.1229  40.6202 0013852  72.0422 293.0046 15.90079357  5991
