STARLINK-1036           
1 44741U 19074AE  26061.15732376  .00106903  00000+0  16049-2 0  9990
2 44741  53.0511 224.9658 0003205 207.0808 153.0034 15.54083584347551
STARLINK-1042           
1 44747U 19074AL  26060.91383182  .00025282  00000+0  46032-3 0  9992
2 44747  53.0440 132.0890 0001987 110.3817 249.7404 15.49357562348869
STARLINK-1043           
1 44748U 19074AM  26060.74405096  .00036746  00000+0  58304-3 0  9995
2 44748  53.0516 232.8165 0002445  92.6887 267.4403 15.53034310347411
STARLINK-1046           
1 44751U 19074AQ  26060.83894343  .00037015  00000+0  83516-3 0  9999
2 44751  53.0532 248.1387 0006891 148.6068 211.5350 15.42873042347200
STARLINK-1048           
1 44753U 19074AS  26061.25002314  .00163965  00000+0  26548-2 0  9992
2 44753  53.0522 204.6821 0002550 159.2578 213.6100 15.51747119  5946
STARLINK-1067           
1 44771U 19074BL  26060.92551587  .00105917  00000+0  15048-2 0  9992
2 44771  53.0523 241.7990 0001242 280.8499  79.2371 15.55596906347301
STARLINK-1114           
1 44927U 20001P   26061.13251954  .00090366  00000+0  16453-2 0  9998
2 44927  53.0509   5.5993 0008446  88.3472 271.8503 15.48725991338927
STARLINK-1080           
1 44961U 20001AZ  26060.99036214  .00084071  00000+0  17003-2 0  9997
2 44961  53.0539 324.9432 0008489  91.1104 269.0874 15.45724249339489
STARLINK-1132           
1 45044U 20006A   26061.01530360  .00072094  00000+0  16188-2 0  9995
2 45044  53.1570 290.3156 0004947 158.7649 201.3563 15.42731482335749
STARLINK-1134           
1 45048U 20006E   26060.85488006  .00040240  00000+0  91809-3 0  9991
2 45048  53.0329 275.5396 0010144 143.8258 216.3434 15.42473146335936
STARLINK-1166           
1 45060U 20006S   26061.13608098  .00069359  00000+0  14880-2 0  9997
2 45060  53.0539 308.6396 0005965 116.5767 243.5851 15.44096526335499
STARLINK-1171           
1 45062U 20006U   26061.01159267  .00056413  00000+0  80373-3 0  9993
2 45062  53.0458 286.7339 0002036 353.1876   6.9106 15.55799030335799
STARLINK-1193           
1 45100U 20006BJ  26061.25002314  .00059647  00000+0  90277-3 0  9998
2 45100  53.0526 266.3821 0001406  81.9680 234.0254 15.54124345  5946
STARLINK-1154           
1 45198U 20012W   26061.11904821  .00082394  00000+0  17344-2 0  9999
2 45198  53.0490  46.0800 0007208  55.7341 304.4346 15.44568952334126
STARLINK-1209           
1 45206U 20012AE  26061.13218614  .00089385  00000+0  15880-2 0  9999
2 45206  53.0484   9.7247 0005902 260.9081  99.1259 15.49449559333744
STARLINK-1212           
1 45223U 20012AX  26061.18419855  .00098455  00000+0  16925-2 0  9992
2 45223  53.0504  26.1694 0005837  77.7185 282.4476 15.50337282334471
STARLINK-1221           
1 45227U 20012BB  26060.93821736  .00019258  00000+0  45937-3 0  9993
2 45227  53.0668 306.3381 0002932  34.2471 325.8722 15.41594257335510
STARLINK-1222           
1 45228U 20012BC  26061.13760640  .00029239  00000+0  53759-3 0  9994
2 45228  53.0576  19.0040 0003962  62.6282 297.5128 15.48992758334450
STARLINK-1270           
1 45237U 20012BM  26061.14943633  .00085617  00000+0  17457-2 0  9996
2 45237  53.0505  23.5358 0004108  55.4710 304.6683 15.45504159334506
STARLINK-1279           
1 45360U 20019A   26061.18502700  .00104842  00000+0  14729-2 0  9991
2 45360  53.0434 135.0626 0001225 150.7630 209.3449 15.55907095329500
STARLINK-1273           
1 45367U 20019H   26060.63595633  .00026403  00000+0  59054-3 0  9991
2 45367  53.0521 193.0927 0000655 310.6737  49.4212 15.43328631328659
STARLINK-1277           
1 45369U 20019K   26061.07643126  .00083926  00000+0  16075-2 0  9991
2 45369  53.0527 189.0404 0001922 356.9243   3.1751 15.47336725328758
STARLINK-1302           
1 45375U 20019R   26060.58639261  .00058290  00000+0  11003-2 0  9990
2 45375  53.0524 190.6974 0002058 262.2730  97.8043 15.47919743328686
STARLINK-1304           
1 45376U 20019S   26060.63690464  .00092167  00000+0  18044-2 0  9992
2 45376  53.0501 187.9917 0001774 243.7426 116.3398 15.46659681328724
STARLINK-1305           
1 45377U 20019T   26060.59693621  .00094341  00000+0  15729-2 0  9999
2 45377  53.0462 171.2208 0003203 113.3404 246.7942 15.51230681328967
STARLINK-1266           
1 45383U 20019Z   26061.02450748  .00080540  00000+0  17259-2 0  9992
2 45383  53.0515 169.4553 0002724 342.2773  17.8137 15.44074260329015
STARLINK-1267           
1 45384U 20019AA  26061.00002315  .00036076  00000+0  67696-3 0  9990
2 45384  53.0523 163.8435 0004022 220.4744 105.3079 15.48299441  5901
STARLINK-1272           
1 45386U 20019AC  26061.00002315  .00088516  00000+0  13038-2 0  9998
2 45386  53.0455 146.9938 0001962 134.3081  99.3715 15.54696717  5716
STARLINK-1274           
1 45387U 20019AD  26060.44916296  .00042944  00000+0  87815-3 0  9998
2 45387  53.0280 142.2769 0005012 206.8460 153.2287 15.45721524329347
STARLINK-1283           
1 45389U 20019AF  26061.25002314  .00128065  00000+0  18789-2 0  9999
2 45389  53.0447 145.9924 0005008 209.8361  53.8850 15.54613084  5955
STARLINK-1284           
1 45390U 20019AG  26061.01034373  .00088793  00000+0  15353-2 0  9992
2 45390  53.0497 167.8948 0002056 345.2023  14.8924 15.50235292329035
STARLINK-1297           
1 45395U 20019AM  26061.16133730  .00103803  00000+0  16530-2 0  9998
2 45395  53.0493 167.0067 0003050 350.2461   9.8489 15.52469369328245
STARLINK-1307           
1 45397U 20019AP  26061.00872703  .00027927  00000+0  50411-3 0  9992
2 45397  53.0556 167.5851 0001274  37.7967 322.3130 15.49547180328865
STARLINK-1255           
1 45399U 20019AR  26060.50549180  .00094688  00000+0  16383-2 0  9995
2 45399  53.0425 142.0782 0002142 253.7300 106.3473 15.50186420329161
STARLINK-1278           
1 45408U 20019BA  26061.00476760  .00108688  00000+0  16285-2 0  9992
2 45408  53.0457 167.5572 0000587 116.9789 243.1280 15.54133048328761
STARLINK-1309           
1 45414U 20019BG  26060.65286604  .00091839  00000+0  14350-2 0  9995
2 45414  53.0684 162.3866 0003563  10.6798 349.4286 15.53051809328787
STARLINK-1286           
1 45417U 20019BK  26061.00045618  .00043051  00000+0  75292-3 0  9992
2 45417  53.0497 167.6513 0002382  59.4163 300.7080 15.50231395329032
STARLINK-1308           
1 45419U 20019BM  26061.07353961  .00033632  00000+0  60534-3 0  9991
2 45419  53.0540 188.6438 0000582 356.7274   3.3730 15.49532599328493
STARLINK-1329           
1 45531U 20025A   26061.18778014  .00103725  00000+0  15327-2 0  9995
2 45531  53.0489 117.6399 0002004 282.1561  77.9224 15.54535585324282
STARLINK-1338           
1 45532U 20025B   26061.17729982  .00090166  00000+0  14052-2 0  9993
2 45532  53.0500 120.9909 0004727 324.5560  35.5135 15.53127207324238
STARLINK-1371           
1 45542U 20025M   26061.18597501  .00074368  00000+0  15128-2 0  9996
2 45542  53.0516 125.2309 0001883 289.2847  70.7956 15.45642447324177
STARLINK-1373           
1 45544U 20025P   26060.89488316  .00090949  00000+0  16323-2 0  9999
2 45544  53.0510 126.3720 0005081 330.5573  29.5148 15.49156768324133
STARLINK-1327           
1 45555U 20025AA  26061.12393278  .00093738  00000+0  15059-2 0  9994
2 45555  53.0487 103.1096 0005917  23.8753 336.2529 15.52260569324474
STARLINK-1356           
1 45564U 20025AK  26061.15871733  .00037962  00000+0  83267-3 0  9998
2 45564  53.0506 109.6771 0005778   2.7175 357.3861 15.43708823324389
STARLINK-1357           
1 45565U 20025AL  26061.06447274  .00099666  00000+0  15212-2 0  9991
2 45565  53.0529  74.8555 0003452  43.8273 316.3010 15.53662940324875
STARLINK-1361           
1 45567U 20025AN  26061.13040740  .00070332  00000+0  14051-2 0  9997
2 45567  53.0517 110.0131 0007249   0.1459 359.9548 15.46171956324386
STARLINK-1321           
1 45573U 20025AU  26061.07344936  .00082003  00000+0  15980-2 0  9991
2 45573  53.0501  94.9035 0004401  11.6520 348.4587 15.46841450324280
STARLINK-1331           
1 45578U 20025AZ  26061.14521401  .00071337  00000+0  13957-2 0  9998
2 45578  53.0534 101.2290 0003888  52.8766 307.2595 15.46792047324518
STARLINK-1337           
1 45582U 20025BD  26061.11295355  .00105218  00000+0  14284-2 0  9996
2 45582  53.0534  98.5231 0004198  52.8297 307.3097 15.56823260324533
STARLINK-1347           
1 45586U 20025BH  26061.15370397  .00101025  00000+0  16131-2 0  9999
2 45586  53.0463  65.8294 0006030  22.6303 337.4971 15.52393637324995
STARLINK-1364           
1 45589U 20025BL  26060.81505704  .00089957  00000+0  16858-2 0  9991
2 45589  53.0512 100.9174 0007064  24.2485 335.8853 15.47913423324477
STARLINK-1365           
1 45590U 20025BM  26061.16325410  .00035269  00000+0  76307-3 0  9999
2 45590  53.0531 129.3663 0002895   3.5663 356.5362 15.44161482324127
STARLINK-1446           
1 45663U 20035G   26061.16661912  .00022364  00000+0  51594-3 0  9994
2 45663  53.0250  35.1017 0000551 224.3752 135.7208 15.42499335318513
STARLINK-1448           
1 45665U 20035J   26061.11364218  .00098150  00000+0  16749-2 0  9998
2 45665  53.0512  89.1643 0007356  44.8483 315.3118 15.50536462317748
STARLINK-1452           
1 45669U 20035N   26061.17325141  .00077885  00000+0  16956-2 0  9992
2 45669  53.0330  57.5062 0008044  24.7493 335.3897 15.43594278318206
STARLINK-1453           
1 45670U 20035P   26061.16968842  .00105226  00000+0  17926-2 0  9993
2 45670  53.0494  49.4953 0008212  15.2051 344.9203 15.50543684318200
STARLINK-1454           
1 45671U 20035Q   26060.36869871  .00101162  00000+0  18199-2 0  9995
2 45671  53.0514  92.7865 0008444  25.7859 334.3568 15.49015828317620
STARLINK-1456           
1 45673U 20035S   26061.07336897  .00028551  00000+0  51578-3 0  9992
2 45673  53.0487  82.8614 0001559  95.6515 264.4670 15.49512943317849
STARLINK-1458           
1 45675U 20035U   26061.09809676  .00074595  00000+0  17142-2 0  9993
2 45675  53.0526  91.5263 0006072  50.5789 309.5752 15.42016080317688
STARLINK-1394           
1 45679U 20035Y   26060.42285409  .00116448  00000+0  21499-2 0  9999
2 45679  53.0501  76.1762 0002155  86.6340 273.4914 15.48232411317873
STARLINK-1402           
1 45685U 20035AE  26061.14673937  .00076129  00000+0  16682-2 0  9992
2 45685  53.0487  59.2698 0000846 250.6756 109.4157 15.43441390318187
STARLINK-1420           
1 45695U 20035AQ  26061.14734492  .00095581  00000+0  15538-2 0  9999
2 45695  53.0544  58.7569 0003427  63.7835 296.3526 15.51932257318184
STARLINK-1351           
1 45697U 20035AS  26060.98908197  .00046597  00000+0  80451-3 0  9997
2 45697  53.0540  58.6571 0002808  72.6335 287.4980 15.50558726318178
STARLINK-1400           
1 45700U 20035AV  26061.14248191  .00144717  00000+0  25932-2 0  9997
2 45700  53.0513  59.1559 0007429  62.7718 297.4046 15.48940285318170
STARLINK-1407           
1 45703U 20035AY  26061.06938937  .00117859  00000+0  15296-2 0  9994
2 45703  53.0367 352.8303 0011715  75.2464 284.9844 15.57906052319105
STARLINK-1423           
1 45710U 20035BF  26060.28378485  .00082027  00000+0  13861-2 0  9995
2 45710  53.0517  62.4622 0006831  72.4811 287.6943 15.50900661318041
STARLINK-1433           
1 45711U 20035BG  26061.15617736  .00097523  00000+0  15174-2 0  9994
2 45711  53.0510  57.4216 0006895  67.3292 292.8446 15.53122459318190
STARLINK-1465           
1 45731U 20038B   26060.83899911  .00117829  00000+0  21590-2 0  9991
2 45731  53.0519 260.7879 0003348 177.8892 182.2130 15.48440665315160
STARLINK-1471           
1 45735U 20038F   26061.03114012  .00030146  00000+0  56589-3 0  9993
2 45735  53.0468 178.7013 0001675 191.5406 168.5563 15.48385013316343
STARLINK-1480           
1 45741U 20038M   26060.91493412  .00063139  00000+0  12325-2 0  9997
2 45741  53.0500 254.4064 0008452 153.2725 206.8718 15.46882205315276
STARLINK-1504           
1 45746U 20038S   26061.02789414  .00035773  00000+0  57770-3 0  9992
2 45746  53.0232 179.1334 0001695 162.4258 197.6810 15.52557125316325
STARLINK-1464           
1 45751U 20038X   26060.73197523  .00043276  00000+0  97377-3 0  9993
2 45751  53.0510 242.4316 0003753 187.3165 172.7786 15.42897550315428
STARLINK-1478           
1 45755U 20038AB  26060.91640619  .00090866  00000+0  14098-2 0  9991
2 45755  53.0509 235.4197 0005043 185.9249 174.1701 15.53246573315529
STARLINK-1493           
1 45759U 20038AF  26061.25002314  .00044326  00000+0  80935-3 0  9991
2 45759  53.0530 240.1708 0001376  83.8522  51.6935 15.48992841  5820
STARLINK-1502           
1 45764U 20038AL  26060.80157387  .00096768  00000+0  19604-2 0  9999
2 45764  53.0509 243.6872 0000967  46.6030 313.5056 15.45639367315419
STARLINK-1496           
1 45780U 20038BC  26060.69720938  .00142608  00000+0  27822-2 0  9998
2 45780  53.0527 216.0186 0004819 179.4973 180.6039 15.46515685315770
STARLINK-1568           
1 46080U 20055BF  26060.41299154  .00037415  00000+0  77927-3 0  9993
2 46080  53.0617  72.4425 0003715  90.4102 269.7330 15.45253527308918
STARLINK-1623           
1 46129U 20057N   26061.25002314  .00049978  00000+0  85695-3 0  9990
2 46129  53.0514 291.7543 0009079 134.4710 344.0094 15.50684832  5942
STARLINK-1596           
1 46141U 20057AA  26060.98007522  .00059021  00000+0  12998-2 0  9994
2 46141  53.0421 267.4579 0005692 135.7795 224.3666 15.43392728306082
STARLINK-1597           
1 46142U 20057AB  26061.12932572  .00117442  00000+0  17458-2 0  9992
2 46142  53.0513 333.4105 0008374 115.0816 245.1064 15.54276499305168
STARLINK-1595           
1 46159U 20057AU  26061.13072824  .00098435  00000+0  18088-2 0  9996
2 46159  53.0504 332.9008 0007968  94.4162 265.7755 15.48425819306435
STARLINK-1598           
1 46160U 20057AV  26061.11670640  .00090698  00000+0  16029-2 0  9992
2 46160  53.0534 319.9609 0003628 180.0334 180.0674 15.49603519306608
STARLINK-1626           
1 46167U 20057BC  26061.25002314  .00141841  00000+0  22407-2 0  9995
2 46167  53.0499 330.1707 0008602 100.6627  32.4896 15.52491994  5955
STARLINK-1633           
1 46171U 20057BG  26061.06662425  .00119280  00000+0  16039-2 0  9990
2 46171  53.0449 296.1137 0000877 233.9720 126.1210 15.57024765306940
STARLINK-1635           
1 46172U 20057BH  26060.95357001  .00114010  00000+0  14806-2 0  9995
2 46172  53.0450 295.2587 0003132  24.5853 335.5308 15.57976993306943
STARLINK-1640           
1 46173U 20057BJ  26061.11586570  .00065050  00000+0  10690-2 0  9996
2 46173  53.0528 335.5835 0009480 109.0679 251.1357 15.51759601305137
STARLINK-1641           
1 46174U 20057BK  26061.10767906  .00045069  00000+0  80211-3 0  9995
2 46174  53.0518 321.3693 0000939 107.9271 252.1840 15.49715642305331
STARLINK-1695           
1 46329U 20062E   26061.13570324  .00110212  00000+0  17613-2 0  9990
2 46329  53.0514  13.0186 0005903  86.8926 273.2758 15.52328177303695
STARLINK-1719           
1 46331U 20062G   26061.16558681  .00127158  00000+0  17541-2 0  9995
2 46331  53.0451  15.2866 0003479 275.4987  84.5626 15.56298530303674
STARLINK-1759           
1 46340U 20062R   26061.11848934  .00090284  00000+0  12195-2 0  9992
2 46340  53.0256   7.5131 0004517  37.7412 322.3915 15.57028113303765
STARLINK-1646           
1 46351U 20062AC  26061.15926064  .00113918  00000+0  17584-2 0  9996
2 46351  53.0486  11.6351 0005626  93.4258 266.7395 15.53276211303731
STARLINK-1653           
1 46352U 20062AD  26061.14958932  .00126331  00000+0  17000-2 0  9991
2 46352  53.0471 359.0626 0005030 232.6591 127.3962 15.56963800303907
STARLINK-1656           
1 46353U 20062AE  26061.19154809  .00102669  00000+0  17621-2 0  9995
2 46353  53.0510  35.5880 0001994 104.1583 255.9647 15.50376587303383
STARLINK-1666           
1 46357U 20062AJ  26061.10903272  .00117255  00000+0  16437-2 0  9997
2 46357  53.0492  11.1182 0006112  91.4004 268.7707 15.55894337303724
STARLINK-1724           
1 46375U 20062BC  26061.16668981  .00150786  00000+0  25034-2 0  9997
2 46375  53.0312 323.4615 0000961  58.2496  12.7533 15.51098959  5889
STARLINK-1771           
1 46384U 20062BM  26061.15620517  .00058738  00000+0  12097-2 0  9998
2 46384  53.0446  21.8907 0002414 242.2016 117.8745 15.45383562303577
STARLINK-1672           
1 46537U 20070F   26060.73360848  .00058026  00000+0  97302-3 0  9991
2 46537  53.0494 177.0677 0002913  54.2626 305.8654 15.51285619298808
STARLINK-1676           
1 46556U 20070AA  26061.16668981  .00157811  00000+0  27560-2 0  9999
2 46556  53.0458 181.1972 0001838 158.2356 278.9416 15.49640311  5930
STARLINK-1679           
1 46557U 20070AB  26061.00002315  .00097359  00000+0  13544-2 0  9993
2 46557  53.0484 161.4667 0005350 208.2179  77.6584 15.56195776  5864
STARLINK-1714           
1 46562U 20070AG  26060.67005197  .00104955  00000+0  19037-2 0  9996
2 46562  53.0469 154.6849 0003879 210.7378 149.3403 15.48790441299113
STARLINK-1730           
1 46563U 20070AH  26060.75117554  .00102955  00000+0  23233-2 0  9998
2 46563  53.0324 160.1237 0002266 271.9629  88.1115 15.42417677299047
STARLINK-1735           
1 46565U 20070AK  26061.16668981  .00185112  00000+0  22410-2 0  9993
2 46565  53.0437 155.5878 0006394 172.0894  33.2114 15.59540784  5852
STARLINK-1728           
1 46582U 20070BC  26061.16668981  .00168097  00000+0  28005-2 0  9991
2 46582  53.0425 161.6073 0004533 172.4937  64.2016 15.50924242  5938
STARLINK-1718           
1 46674U 20073E   26061.10822925  .00118228  00000+0  18214-2 0  9992
2 46674  53.0513 264.5831 0003204 202.4280 157.6590 15.53320603296145
STARLINK-1781           
1 46685U 20073R   26061.05058527  .00101744  00000+0  15650-2 0  9993
2 46685  53.0532 280.2112 0002028 188.7537 171.3438 15.53442106295910
STARLINK-1784           
1 46687U 20073T   26061.14435235  .00098610  00000+0  12201-2 0  9996
2 46687  53.0452 223.5218 0004706 216.7342 143.3347 15.59323064296726
STARLINK-1788           
1 46689U 20073V   26061.16668981  .00118599  00000+0  14301-2 0  9998
2 46689  53.0439 255.2204 0003179 117.9423  25.1583 15.59919027  5913
STARLINK-1797           
1 46698U 20073AE  26060.77784767  .00052260  00000+0  82721-3 0  9999
2 46698  53.0459 246.9851 0003894  72.8862 287.2573 15.52937682296361
STARLINK-1805           
1 46705U 20073AM  26060.90276354  .00094471  00000+0  16416-2 0  9998
2 46705  53.0526 281.0011 0003857 169.7528 190.3559 15.50062679295895
STARLINK-1810           
1 46709U 20073AR  26061.13113861  .00085249  00000+0  17546-2 0  9999
2 46709  53.0487 268.0297 0006282 139.8395 220.3076 15.45221489296092
STARLINK-1817           
1 46715U 20073AX  26061.00002315  .00179707  00000+0  21980-2 0  9993
2 46715  53.0491 254.7866 0005596 188.4501  74.2201 15.59295589  5938
STARLINK-1826           
1 46723U 20073BF  26061.16668981  .00133184  00000+0  17413-2 0  9991
2 46723  53.0482 217.0511 0008639 172.2378  33.6801 15.57682284  5957
STARLINK-1828           
1 46725U 20073BH  26061.00406843  .00055822  00000+0  99720-3 0  9997
2 46725  53.0531 273.4077 0008426 147.0022 213.1513 15.49482359296013
STARLINK-1830           
1 46727U 20073BK  26061.16314515  .00111721  00000+0  17307-2 0  9991
2 46727  53.0457 219.7405 0002020 120.4842 239.6367 15.53198268296781
STARLINK-1892           
1 46743U 20074E   26061.05975325  .00095977  00000+0  17487-2 0  9993
2 46743  53.0489 330.1086 0006252  71.6502 288.5185 15.48694371295890
STARLINK-1835           
1 46782U 20074AV  26061.11456670  .00110536  00000+0  15115-2 0  9995
2 46782  53.0475 311.5882 0005274   4.1256 355.9798 15.56599171296155
STARLINK-1882           
1 46784U 20074AX  26060.94591926  .00137750  00000+0  16807-2 0  9997
2 46784  53.0540 312.6069 0008428  99.5005 260.6960 15.59497658296123
STARLINK-1893           
1 46786U 20074AZ  26060.92411508  .00101426  00000+0  19600-2 0  9999
2 46786  53.0533 301.3365 0003620  55.9502 304.1848 15.46986797296287
STARLINK-1942           
1 46794U 20074BH  26060.97031630  .00085547  00000+0  17412-2 0  9991
2 46794  53.0481 331.0376 0003975  38.4135 321.7154 15.45556462295871
STARLINK-1777           
1 47122U 20088A   26061.11465472  .00085326  00000+0  14873-2 0  9997
2 47122  53.0549 320.0886 0001293 164.4635 195.6413 15.50026762290919
STARLINK-1845           
1 47135U 20088P   26061.01570023  .00120473  00000+0  18882-2 0  9996
2 47135  53.0548 314.4213 0001454 144.1170 215.9937 15.52837174290984
STARLINK-1856           
1 47143U 20088X   26061.16668981  .00095452  00000+0  18097-2 0  9998
2 47143  53.0527 309.2350 0008210 120.9177 116.1897 15.47541214  5926
STARLINK-1873           
1 47158U 20088AN  26061.16668981  .00152973  00000+0  21457-2 0  9990
2 47158  53.0504 305.3063 0010058 119.4690 333.2463 15.55696319  5940
STARLINK-1876           
1 47161U 20088AR  26061.16668981  .00730127  00000+0  89193-2 0  9998
2 47161  53.0524 308.4659 0002419  88.8801  15.5608 15.57805921  5647
STARLINK-1888           
1 47171U 20088BB  26061.14808509  .00039207  00000+0  77110-3 0  9997
2 47171  53.0548 315.5346 0005351 122.7247 237.4276 15.46898137290984
STARLINK-1912           
1 47178U 20088BJ  26061.12930161  .00105698  00000+0  15885-2 0  9990
2 47178  53.0539 317.9933 0009320 126.9260 233.2605 15.54020442290941
STARLINK-2113           
1 47392U 21005AV  26061.17843147  .00115004  00000+0  16030-2 0  9995
2 47392  53.0534  52.7968 0004469  75.5697 284.5809 15.56067270282508
STARLINK-2114           
1 47393U 21005AW  26061.16668981  .01201394  00000+0  14174-1 0  9991
2 47393  53.0471  20.7072 0001922  92.2680 277.5772 15.58333810  5949
STARLINK-2128           
1 47404U 21005BH  26061.12458817  .00084423  00000+0  11124-2 0  9999
2 47404  53.0535  52.8553 0003640  85.0086 275.1341 15.57727452282505
STARLINK-1962           
1 47563U 21009R   26061.18013945  .00138261  00000+0  16884-2 0  9992
2 47563  53.0464  33.1793 0009491  46.5738 313.6062 15.59461934279973
STARLINK-1967           
1 47568U 21009W   26061.16668981  .00116344  00000+0  14089-2 0  9994
2 47568  53.0463  41.6237 0005823  32.5829 141.7956 15.59803313  5964
STARLINK-1994           
1 47589U 21009AT  26061.19792881  .00100213  00000+0  14567-2 0  9996
2 47589  53.0497  38.4350 0009748  65.7516 294.4512 15.54953343279900
STARLINK-1995           
1 47590U 21009AU  26061.12676810  .00113780  00000+0  16942-2 0  9996
2 47590  53.0472  55.9715 0007644  41.9755 318.1839 15.54253703279659
STARLINK-2001           
1 47596U 21009BA  26061.13204149  .00096688  00000+0  17317-2 0  9999
2 47596  53.0495  57.8400 0004513  69.9230 290.2263 15.49188774279629
STARLINK-1704           
1 47625U 21012F   26061.10230913  .00073599  00000+0  16577-2 0  9994
2 47625  53.0524  98.7886 0001227 198.7903 161.3056 15.42637666278937
STARLINK-1972           
1 47627U 21012H   26061.14746269  .00052089  00000+0  10707-2 0  9996
2 47627  53.0561   0.5514 0003254 116.9741 243.1597 15.45490623280297
STARLINK-2019           
1 47641U 21012X   26061.17438164  .00127965  00000+0  17874-2 0  9995
2 47641  53.0489 339.2580 0005532  77.3659 282.7970 15.55949716280608
STARLINK-2083           
1 47676U 21012BJ  26061.13330453  .00057550  00000+0  90007-3 0  9993
2 47676  53.0529 318.1773 0008438 130.1962 229.9787 15.53199613280895
STARLINK-2401           
1 47818U 21018AH  26061.16668981  .00047161  00000+0  11034-2 0  9999
2 47818  53.0525 288.3172 0001479 103.1174  11.6976 15.41694066  5815
STARLINK-2363           
1 47903U 21021AV  26061.16668981  .01170163  00000+0  15265-1 0  9997
2 47903  53.1587 288.9212 0001154 106.4139 344.7193 15.55686750  5825
STARLINK-2582           
1 48460U 21040AJ  26061.00002315  .00091618  00000+0  14248-2 0  9990
2 48460  53.0591 167.5486 0002595 306.8552 178.2303 15.53187023  5918
STARLINK-3137           
1 49449U 21104AT  26060.93798043  .00019294  00000+0  47129-3 0  9995
2 49449  53.2167 242.0704 0001133  90.2791 269.8345 15.40877911237777
STARLINK-3325           
1 50843U 22001AS  26061.16668981  .00551439  00000+0  11650-1 0  9995
2 50843  53.2182 207.8056 0000981  86.7215 120.9103 15.42525567  5810
STARLINK-3982           
1 52614U 22052S   26060.98087882  .00046678  00000+0  88523-3 0  9992
2 52614  53.2091 266.8231 0001001 282.9757  77.1140 15.47885684210357
STARLINK-4078           
1 52689U 22053AK  26061.17632856  .00078341  00000+0  12781-2 0  9998
2 52689  53.2114 119.7463 0002958  24.3319 335.7831 15.51928229210844
STARLINK-4720           
1 53800U 22111AD  26060.99520712  .00032429  00000+0  52779-3 0  9994
2 53800  53.2105 276.8595 0004599 128.8375 231.3047 15.52385768192964
STARLINK-4578           
1 53965U 22125B   26061.16668981  .01103851  00000+0  17903-1 0  9999
2 53965  53.2174 253.4864 0001943  23.4031 179.0617 15.49767852  5846
STARLINK-31027          
1 58720U 24002R   26061.16668981  .00152410  00000+0  34290-2 0  9992
2 58720  53.1518 262.2028 0007224 224.1160  45.7777 15.42258482  5867
STARLINK-32262          
1 60938U 24155Q   26060.52923341  .00043474  00000+0  83628-3 0  9997
2 60938  53.1545 150.7636 0007807 323.4799  36.5676 15.47478075 85372
STARLINK-33633          
1 63382U 25063V   26061.16668981  .00335008  00000+0  46105-2 0  9994
2 63382  53.1538  77.4820 0013023  65.0577  69.4366 15.55518244  5780
