STARLINK-11331 [DTC]    
1 61537U 24184F   26061.16668981  .01472184  00000+0  60673-2 0  9991
2 61537  53.1501 272.8090 0006562 277.9313  59.7218 15.82670787  6018
STARLINK-34411          
1 65414U 25192L   26061.16668981  .01032082  00000+0  45154-2 0  9995
2 65414  53.1375 257.8862 0010418 240.0551  72.4090 15.81823052  5838
STARLINK-36783          
1 67873U 26034Z   26061.16668981 -.01513918  00000+0 -81285-2 0  9991
2 67873  53.1504 248.8571 0001048  62.3289 156.7407 15.82329943  2658
STARLINK-36730          
1 67874U 26034AA  26061.16668981 -.01524351  00000+0 -81197-2 0  9997
2 67874  53.1506 248.8494 0000890  70.8559 152.1701 15.82519202  2659
STARLINK-36727          
1 67875U 26034AB  26061.16668981 -.01446718  00000+0 -75987-2 0  9998
2 67875  53.1503 248.8410 0001039  72.4539 154.5041 15.82667303  2656
STARLINK-36743          
1 67876U 26034AC  26061.16668981 -.01535366  00000+0 -80525-2 0  9991
2 67876  53.1502 248.8327 0000923  68.3389 162.5517 15.82866040  2657
STARLINK-36784          
1 67877U 26034AD  26061.16668981 -.01537192  00000+0 -79960-2 0  9992
2 67877  53.1504 248.8247 0001075  73.6620 161.1018 15.83040374  2653
STARLINK-36689          
1 67878U 26034AE  26061.16668981 -.01517404  00000+0 -78138-2 0  9993
2 67878  53.1502 248.8171 0000860  74.8619 163.7078 15.83216831  2657
