0,Accra; Ghana,5.803990,-0.090984,0.0,6345647.779277,-10076.709101,640696.740887
1,Adelanto; California,34.602400,-117.455000,0.0,-2423103.538529,-4663677.950265,3601646.887698
2,Aerzen; Delaware,52.061000,9.328230,0.0,3877643.188171,636950.355527,5006977.849972
3,Aflenz; OS,47.553200,15.292200,0.0,4159812.860527,1137387.365534,4683490.470481
4,Akita; Japan,39.638300,140.065000,0.0,-3771314.831628,3157225.008240,4047138.907355
5,Anakie; Victoria; Australia,-37.953200,144.328000,0.0,-4090782.938399,2936495.424682,-3901348.225719
6,Anchorage; Alaska,61.185900,-149.877000,0.0,-2665771.783545,-1546723.882726,5565354.479124
7,Anchorage; Alaska,61.185700,-149.876000,0.0,-2665761.677499,-1546780.209105,5565343.737714
8,Angeles; Pampanga; Philippines,15.170900,120.506000,0.0,-3125604.074199,5304952.341473,1658358.055732
9,Aquierpa; Peru,-16.470200,-71.513400,0.0,1939934.920660,-5802363.740104,-1796685.334289
10,Aracaju; Brazil,-11.081200,-37.146700,0.0,4989790.976701,-3780146.502622,-1217821.548347
11,Arlington; Oregon,45.625500,-120.175000,0.0,-2245891.564041,-3862703.864949,4536233.667115
12,Ashburn; Virginia,39.015700,-77.464900,0.0,1076990.510343,-4843945.164888,3993670.343901
13,Atlanta; Georgia,33.733500,-84.424600,0.0,515869.887414,-5284610.168297,3521900.796252
14,Awarua; New Zealand,-46.530500,168.383000,0.0,-4305667.469931,885158.029572,-4606012.324982
15,Bathurst; New South Wales; Australia,-33.436700,149.522000,0.0,-4591746.141624,2702370.863058,-3494476.708509
16,Baxley; Georgia,31.682200,-82.269000,0.0,730812.422222,-5383267.576457,3330494.613953
17,Bellingham; Washington,48.774000,-122.449000,0.0,-2259604.479257,-3553845.328740,4774031.429213
18,Benevides; Brazil,-1.359330,-48.258300,0.0,4245206.772898,-4757739.515208,-150293.075706
19,Benkelman; Nebraska,40.104900,-101.510000,0.0,-974789.901503,-4786968.771812,4086900.243890
20,Blountsville; Alabama,34.098400,-86.578500,0.0,315541.882117,-5277721.031499,3555489.212149
21,Boca Chica; Texas,25.983700,-97.190700,0.0,-718126.917924,-5691989.868097,2777438.039947
22,Cundinamarca (Bogota); Colorado,4.742490,-74.144800,0.0,1736625.878632,-6114614.450309,523810.662599
23,Boorowa; New South Wales; Australia,-34.462100,148.706000,0.0,-4498518.082384,2734496.675058,-3588825.352443
24,Brewster; Washington,48.148600,-119.701000,0.0,-2112414.525508,-3703306.722737,4727915.235803
25,Broadview; Illinois,41.855000,-87.858900,0.0,177752.478130,-4754437.260500,4233620.430351
26,Broken Hill; New South Wales; Australia,-31.998300,141.441000,0.0,-4233690.047110,3374752.989265,-3360270.696540
27,Brunswick; Maine,43.896100,-69.923400,0.0,1580267.135184,-4323753.711037,4399778.788623
28,Buenos Aires; Arkansas,-34.563600,-58.509600,0.0,2746568.316903,-4483678.258212,-3598103.221135
29,Bulla Bulling; Western Australia; Australia,-31.029900,120.820000,0.0,-2802658.513742,4697774.238778,-3268733.737309
30,Caldera; Chile,-27.020000,-70.788000,0.0,1871020.220292,-5369217.141000,-2880189.195666
31,La Caleta; Dominican Republic,18.454000,-69.661700,0.0,2103514.147402,-5674876.539418,2006112.609896
32,Calgary; AB; California,50.998800,-113.907000,0.0,-1629982.623632,-3677051.956590,4933459.275118
33,Calverton; New York,40.908900,-72.797600,0.0,1427641.169032,-4611279.656747,4154781.484490
34,Cataby; Western Australia; Australia,-30.848300,115.619000,0.0,-2369742.130960,4941827.154124,-3251464.783779
35,Caucaia; Brazil,-3.756340,-38.937900,0.0,4950502.509981,-3999961.583650,-415062.953160
36,Centennial; Colorado,39.591900,-104.847000,0.0,-1261132.335439,-4757389.388447,4043170.348704
37,Chalfont Grove; United Kingdom,51.615500,-0.575770,0.0,3968381.940458,-39879.938878,4976350.537454
38,Charcas; Mexico,23.226100,-100.979000,0.0,-1116846.951976,-5756943.982511,2499748.380178
39,Cikarang Barat; Java; Idaho,-6.306290,107.097000,0.0,-1863838.494336,6059630.641307,-695934.309343
40,Cleavdon; New Zealand,-36.989700,175.055000,0.0,-5081694.069159,439675.619613,-3816479.202461
41,Cleavedon; New Zealand,-36.989900,175.056000,0.0,-5081688.437439,439585.776342,-3816496.930940
42,Clinton; Illinois,40.176500,-88.873700,0.0,95924.804263,-4879142.749436,4092977.936775
43,Colburn; Idaho,48.345200,-116.439000,0.0,-1891005.413469,-3802903.926434,4742472.919772
44,Columbus; Ohio,40.062600,-82.771000,0.0,615112.894708,-4849379.294382,4083306.679003
45,Corpus Christi; Texas,27.793100,-97.451900,0.0,-732309.134572,-5598756.277022,2956240.725677
46,Covilha; Portugal,40.265300,-7.478250,0.0,4832264.289547,-634313.590309,4100506.833548
47,Cromwell; New Zealand,-45.061100,169.193000,0.0,-4432748.264818,846153.237989,-4492146.038385
48,Dallas; Texas,32.719500,-96.761900,0.0,-632442.558319,-5333988.760737,3427827.016674
49,Des Moines; New Mexico,36.697500,-103.792000,0.0,-1220626.469124,-4972497.876261,3790528.861977
50,Douglas; Wyoming,42.740100,-105.350000,0.0,-1241934.011884,-4524230.406770,4306340.133613
51,Dubuque; Iowa,42.444600,-90.678500,0.0,-55819.914643,-4713479.762900,4282174.403939
52,Elkton; Maryland,39.630900,-75.909700,0.0,1197521.675999,-4770951.984485,4046506.166858
53,Evanston; Wyoming,41.092500,-110.843000,0.0,-1712806.249163,-4498820.582685,4170169.460865
54,Falda del Carmen; Arkansas,-31.522500,-64.461000,0.0,2346152.515516,-4910206.843697,-3315413.035281
55,Fawley; United Kingdom,50.823300,-1.337710,0.0,4036186.470882,-94251.763614,4921149.034484
56,Foggia; Italy,41.432800,15.658600,0.0,4611187.608684,1292551.969034,4198578.470595
57,Foggia; Italy,41.433400,15.657100,0.0,4611178.985350,1292419.347118,4198628.430545
58,Fortaleza; Brazil,-3.735320,-38.461700,0.0,4983694.761579,-3958773.453173,-412743.548459
59,Frankfurt; Delaware,50.329800,8.470820,0.0,4035187.829268,600962.051221,4886286.984972
60,Fremont; California,37.492100,-121.937000,0.0,-2680341.002173,-4299955.907688,3860867.438736
61,Garrettstown (Ballinspittle); Ireland,51.645000,-8.588050,0.0,3921540.335699,-592240.630924,4978387.896905
62,Kaliakair; Gazipur; Bangladesh,24.066200,90.233400,0.0,-23736.626664,5826910.903785,2584979.357190
63,Goodyear; Arizona,33.412100,-112.413000,0.0,-2032010.606148,-4926854.068275,3492199.520016
64,Goonhilly; United Kingdom,50.049600,-5.181430,0.0,4086866.341569,-370598.457564,4866332.147275
65,Hillsboro; Texas,32.004500,-97.063200,0.0,-665702.038820,-5372707.415501,3360853.719160
66,Hinds; New Zealand,-44.007400,171.572000,0.0,-4545282.470078,673458.763716,-4408681.866409
67,Hitachinaka; Ibaraki; Japan,36.386700,140.614000,0.0,-3973156.763397,3261962.231275,3762819.613349
68,Hoofddorp; Netherlands,52.290800,4.686590,0.0,3896339.810548,319419.364641,5022658.367888
69,Ibi; Spain,38.608400,-0.600700,0.0,4990293.716642,-52321.118568,3958438.508718
70,Ikire; Nigeria,7.387500,4.212400,0.0,6308453.869623,464636.559085,814650.879245
71,Isle of Man; United Kingdom,54.139100,-4.497280,0.0,3733147.370388,-293626.749289,5145827.727115
72,Itaboraí; Brazil,-22.696700,-42.872800,0.0,4314490.987697,-4005457.230859,-2445766.180549
73,João Câmara; Brazil,-5.546120,-35.817000,0.0,5147916.861630,-3715117.156610,-612319.950841
74,Juazeiro do Norte; Brazil,-7.215120,-39.336700,0.0,4894265.050806,-4011147.414477,-795741.584398
75,Kaunas; Lithuania,54.870000,24.010000,0.0,3360158.739243,1496741.823656,5193067.927302
76,Grant of Authority; 9+5 of 40 Dec 2023,27.876000,-81.030500,0.0,879661.075701,-5573160.946064,2964364.528067
77,Kendari; Sulawesi; Idaho,-3.977440,122.511000,0.0,-3419800.641500,5365738.180850,-439456.360746
78,Ki Ki; South Australia; Australia,-35.571700,139.817000,0.0,-3967987.533426,3351191.856214,-3689640.528663
79,Koonwarra; Victoria; Australia,-38.518100,145.951000,0.0,-4140157.653717,2797726.170373,-3950600.582658
80,Lekki; Nigeria,6.449530,3.587730,0.0,6325615.071052,396613.981171,711676.883009
81,Lepe; Spain,37.255600,-7.236140,0.0,5042386.828917,-640233.156561,3840008.491930
82,Santiago de Surco; Lima; Peru,-12.086900,-76.975200,0.0,1405797.545889,-6077175.913820,-1326803.714590
83,Lindon; Utah,40.332700,-111.731000,0.0,-1802699.193726,-4522858.384347,4106214.818777
84,Lisle; Illinois,41.800600,-88.096100,0.0,158201.889753,-4759159.681571,4229118.067780
85,Litchfield; Connecticut,41.545000,-73.354000,0.0,1369457.661824,-4580319.604456,4207913.035306
86,Llano Grande; Mexico,19.258900,-99.581100,0.0,-1002554.769581,-5939373.951108,2090424.977754
87,Lobatse; Botswana,-25.259500,25.705700,0.0,5200591.555834,2503512.930539,-2705098.952266
88,Loeches; Spain,40.401000,-3.405880,0.0,4855374.796304,-288962.461421,4111993.278569
89,Los Angeles; California,33.924300,-118.318000,0.0,-2513159.754474,-4663933.437116,3539481.301215
90,Luz; Brazil,-19.803300,-45.681100,0.0,4194176.458327,-4295096.919096,-2147221.415718
91,Macquarie Park; New South Wales; Australia,-33.785400,151.132000,0.0,-4647110.715495,2561957.620375,-3526686.744010
92,Makassar; Idaho,-5.173030,119.433000,0.0,-3121569.318065,5532440.123724,-571242.635508
93,Malaga; Western Australia; Australia,-31.864100,115.896000,0.0,-2368010.510677,4877591.761635,-3347641.567946
94,Manaus; Brazil,-2.926740,-59.997800,0.0,3185147.404387,-5516347.963005,-323484.178420
95,Mandale; North Carolina,35.895800,-79.226700,0.0,966915.212018,-5081611.365216,3718830.813597
96,Marathon; ON; California,48.725400,-86.374500,0.0,266561.575596,-4206995.949699,4770467.936794
97,Marsala; Italy,37.794300,12.493100,0.0,4926962.317583,1091658.760713,3887426.227010
98,Marshall; Texas,32.532200,-94.430300,0.0,-415782.078735,-5366467.697455,3410333.365131
99,Matola; Mozambique,-25.920700,32.415000,0.0,4845777.473533,3077003.740384,-2771162.270951
100,Mazahua; Mexico,16.609600,-94.964200,0.0,-529036.552897,-6090745.007806,1811473.607105
101,Mendoza; Arkansas,-32.931500,-68.810500,0.0,1936888.299305,-4996311.719949,-3447583.964637
102,Merida; Mexico,21.007400,-89.643900,0.0,37021.784624,-5956654.582133,2272159.309360
103,Merredin; Western Australia; Australia,-31.494900,118.278000,0.0,-2578870.846434,4793891.723800,-3312803.995603
104,Mesa; Arizona,33.421200,-111.859000,0.0,-1984071.043777,-4945755.335565,3493041.968766
105,Molokai; Hawaii,21.112700,-157.063000,0.0,-5481933.032674,-2319832.067947,2283039.147096
106,Montes Carlos; Brazil,-16.683700,-43.833300,0.0,4408454.719065,-4232477.204170,-1819330.237064
107,Morn Hill; United Kingdom,51.060200,-1.263880,0.0,4015845.185828,-88599.367348,4937755.225356
108,Mossoró; Brazil,-5.156950,-37.353700,0.0,5049626.749059,-3854269.346799,-569471.677029
109,Mt Ayr; Indiana,40.926400,-87.295400,0.0,227720.292422,-4820572.110249,4156250.029389
110,Muallim; Türkiye,40.788700,29.509400,0.0,4208607.053317,2382026.875573,4144684.303012
111,Nairobi; Kenya,-1.329120,36.886400,0.0,5100042.217792,3827327.340985,-146953.528547
112,Nairobi; Kenya - Karen,-1.350230,36.750300,0.0,5109075.500718,3815169.296495,-149287.125682
113,Niland; California,33.220500,-115.467000,0.0,-2296632.116072,-4822134.964460,3474441.633345
114,Ningi; Queensland; Australia,-27.068400,153.055000,0.0,-5066456.327468,2575365.351584,-2884965.714908
115,North Miami; Florida,25.949600,-80.191800,0.0,977601.840469,-5654885.684375,2774041.565621
116,Nova Santa Rita; Brazil,-29.842900,-51.284500,0.0,3463100.899197,-4320260.831899,-3155279.418706
117,Noviciado; Chile,-33.392700,-70.883200,0.0,1745753.502699,-5036658.620851,-3490403.239852
118,Oistins; Barbados,13.062800,-59.537600,0.0,3150405.176200,-5356361.533630,1432173.533785
119,Okun Ajah; Nigeria,6.425760,3.645500,0.0,6325506.095358,403010.488834,709064.776568
120,Otaru; Hokkaido; Japan,43.173200,141.258000,0.0,-3633739.053600,2915549.831354,4341553.132283
121,Palangka Raya; Kalimantan; Idaho,-2.218660,113.925000,0.0,-2584665.801445,5825765.843158,-245266.586419
122,Passa Quatro; Brazil,-22.349300,-44.945400,0.0,4177237.822920,-4169284.004444,-2410230.352338
123,Peñuelas; Mexico,21.731400,-102.275000,0.0,-1260223.303016,-5792046.893215,2346810.289647
124,Petra Jaya; Malaysia,1.606500,110.340000,0.0,-2216112.520735,5978101.017488,177614.722171
125,Phoenix; Arizona,33.685100,-112.097000,0.0,-1998512.197644,-4922481.414649,3517435.027079
126,Pimba; South Australia; Australia,-31.250700,136.801000,0.0,-3978500.112918,3735929.616619,-3289686.674913
127,Piura; Peru,-5.159690,-80.687500,0.0,1027949.821188,-6268739.551106,-569773.447941
128,Plana; Bulgaria,42.482900,23.444900,0.0,4322017.644900,1874326.625390,4285312.931836
129,Ponce; Puerto Rico,18.062000,-66.547800,0.0,2414083.535115,-5564702.925100,1964909.172165
130,Port Matilda; Pennsylvania,40.806200,-77.995900,0.0,1005525.218592,-4728960.231235,4146155.484290
131,Porto Alegre; Brazil,-29.984200,-51.120900,0.0,3470519.768156,-4304274.081730,-3168855.980330
132,Presidente Prudente; Brazil,-22.146100,-51.474100,0.0,3681403.561679,-4623866.727065,-2389404.371581
133,Prosser; Washington,46.126900,-119.684000,0.0,-2192896.700912,-3847053.002936,4575033.410849
134,Puerto Montt; Chile,-41.486600,-73.023400,0.0,1397118.709238,-4576453.388012,-4203056.397218
135,Puerto Saavedra; Chile,-38.814800,-73.397200,0.0,1421886.510859,-4768772.243573,-3976317.174102
136,Punta Arenas; Chile,-52.939700,-70.850400,0.0,1263605.585144,-3638884.316227,-5066500.815333
137,Punta Gorda; Florida,27.019700,-81.762000,0.0,814705.173923,-5627222.812494,2880159.582823
138,Puwera; New Zealand,-35.793500,174.301000,0.0,-5153831.017675,514329.876859,-3709629.762042
139,--,20.573500,-100.274000,0.0,-1065465.180014,-5878037.261936,2227248.548695
140,Redmond; Washington,47.696300,-122.035000,0.0,-2281278.143404,-3645850.486744,4694213.734690
141,Richardson; Texas,32.965400,-96.712600,0.0,-626123.948859,-5319842.617853,3450738.895774
142,Rio Negro; Brazil,-26.088600,-49.792900,0.0,3700312.971906,-4377628.626797,-2787880.350657
143,Roberts; Wisconsin,44.941000,-92.516000,0.0,-198518.244005,-4517863.903230,4482708.511959
144,Roll; Arizona,32.815300,-113.797000,0.0,-2165006.232566,-4909422.420709,3436760.677101
145,Romulus; New York,42.788100,-76.863300,0.0,1065459.937934,-4565292.695947,4310254.818595
146,Saguenay; QC; California,48.313700,-70.908900,0.0,1389964.155279,-4015994.386398,4740144.164742
147,Sambro Creek; NS; California,44.464500,-63.613100,0.0,2026367.324963,-4084435.054708,4445072.505931
148,San Clemente; Chile,-35.555900,-71.356900,0.0,1660634.713207,-4922224.722534,-3688214.498827
149,San Jose; California,37.370400,-121.969000,0.0,-2687088.817341,-4305422.784372,3850141.789569
150,Santa Elena; Chile,-29.999700,-71.258200,0.0,1776255.412473,-5235141.104354,-3170344.114770
151,Santana de Parnaíba; Brazil,-23.456400,-46.942300,0.0,3996845.440525,-4277447.581065,-2523166.477230
152,Santiago de los Caballeros; Dominican Republic,19.481000,-70.726600,0.0,1985487.524939,-5678111.687331,2113619.025551
153,Savanna; Oklahoma,34.789300,-95.876500,0.0,-536883.800715,-5216240.415643,3618693.862933
154,Savannah; Tennessee,35.159500,-88.061300,0.0,176602.502871,-5217267.297573,3652346.913194
155,Sellheim; Queensland; Australia,-19.999700,146.422000,0.0,-4995341.028532,3316132.590099,-2167665.027551
156,Sheffield; Illinois,41.361200,-89.743300,0.0,21479.088883,-4794128.969724,4192613.306817
157,Singapore; Singapore,1.397600,103.835000,0.0,-1524731.338397,6191264.973717,154523.552049
158,Springbrook Creek; New South Wales; Australia,-30.439800,149.684000,0.0,-4751108.116123,2778103.516975,-3212501.598163
159,St Johns; Netherlands; California,47.560900,-52.775500,0.0,2608422.690947,-3433420.393944,4684068.213707
160,Sterling; Virginia,38.985000,-77.423900,0.0,1080923.500090,-4845266.636425,3991021.707992
161,Surubim; Brazil,-7.853930,-35.780100,0.0,5126153.089633,-3694392.362670,-865779.386796
162,Suva; Fiji,-18.129200,178.468000,0.0,-6061304.953483,162108.498613,-1971979.089063
163,Tapachula; Mexico,14.786200,-92.367200,0.0,-254772.142712,-6163003.479529,1617237.964802
164,Te Hana; New Zealand,-36.236700,174.512000,0.0,-5126906.691976,492581.254972,-3749407.184202
165,Thika; Kenya,-1.041480,37.102600,0.0,5086088.635452,3846941.448400,-115154.653563
166,Thomaston; Georgia,32.947100,-84.261800,0.0,535676.315058,-5330819.521131,3449035.939494
167,Toa Baja; Puerto Rico,18.431100,-66.192100,0.0,2443419.713114,-5537905.947087,2003708.091474
168,Torrumbarry; Victoria; Australia,-36.025300,144.500000,0.0,-4204374.652190,2998951.294249,-3730461.463139
169,Tukwila; Washington,47.508900,-122.299000,0.0,-2306274.485657,-3648306.464253,4680164.937358
170,Tumon; Guam,13.502800,144.805000,0.0,-5069033.944192,3575147.654052,1479549.637497
171,Uruguaiana; Brazil,-29.765500,-56.527000,0.0,3056218.710831,-4622173.819998,-3147834.545673
172,Villamaggiore; Italy,45.318500,9.187330,0.0,4434859.394292,717284.100796,4512306.587770
173,Villamaggiore; Italy,45.313700,9.184640,0.0,4435267.492541,717136.427162,4511931.459973
174,Villenave d’Ornon; France,44.781000,-0.537380,0.0,4534566.137508,-42531.171163,4470105.237128
175,Virginia Beach; Virginia,36.783800,-76.009300,0.0,1236478.526925,-4962675.963894,3798203.363044
176,Warra; Queensland; Australia,-26.908000,150.892000,0.0,-4972692.536466,2768674.646205,-2869128.333283
177,Watkins; Colorado,39.758300,-104.617000,0.0,-1239048.263459,-4751000.181637,4057390.219859
178,West Jordan; Utah,40.619700,-111.986000,0.0,-1815065.660233,-4495607.501652,4130457.192563
179,Westbury New York,40.755900,-73.557900,0.0,1369471.265099,-4640472.609556,4141925.856648
180,Wherstead; United Kingdom,52.019200,1.143540,0.0,3932492.109506,78497.216929,5004116.970742
181,Willemstad; Curaçao,12.097700,-68.908100,0.0,2244622.921232,-5819525.711632,1327971.933558
182,Willemstad; Curaçao,12.097700,-68.908100,0.0,2244622.921232,-5819525.711632,1327971.933558
183,Willows. Queensland; Australia,-23.666700,147.503000,0.0,-4929670.935361,3140183.884654,-2544515.836925
184,Wola Krobowska; Poland,51.864200,20.921000,0.0,3686653.208349,1409344.446282,4993485.291610
185,Woodville; New Zealand,-40.352100,175.867000,0.0,-4854825.213104,350808.860474,-4107856.726621
186,Woodwalton; United Kingdom,52.405000,-0.219117,0.0,3899321.315769,-14912.298277,5030420.926788
187,Yamaguchi; Japan,34.217100,131.556000,0.0,-3502333.078292,3950879.625970,3566384.687432
188,York; Pennsylvania,39.969100,-76.723000,0.0,1124160.582008,-4764075.301463,4075355.633927
