Reading TLE file: tles.txt
Loaded 9669 satellites

Dividing satellites into shells...
  Altitude tolerance: 0.1 km
  Inclination tolerance: 0.1°
  Method: clustering

================================================================================
CONSTELLATION SHELL DIVISION SUMMARY
================================================================================

Total Shells: 781
Total Satellites: 9669

Shell Details:
--------------------------------------------------------------------------------
Shell    Satellites   Altitude (km)             Inclination (°)
--------------------------------------------------------------------------------
371      2404            481.9 -    482.7   53.16 -  53.16
394      1816            489.8 -    490.6   42.99 -  43.01
674      1352            546.7 -    547.2   53.21 -  53.22
751      651             565.4 -    566.3   42.99 -  43.01
774      637             579.1 -    579.3   70.00 -  70.01
721      358             556.5 -    556.8   97.60 -  97.61
165      332             362.6 -    363.9   42.99 -  43.01
171      309             366.3 -    367.0   53.16 -  53.16
709      122             554.2 -    554.4   53.05 -  53.06
150      120             350.7 -    351.4   97.28 -  97.29
757      111             570.1 -    570.2   97.60 -  97.66
404      84              492.6 -    492.9   42.99 -  43.01
381      53              484.8 -    484.9   53.15 -  53.16
748      30              563.7 -    564.7   43.00 -  43.01
341      29              451.0 -    451.2   42.99 -  43.00
110      25              331.9 -    332.3   43.00 -  43.00
121      24              335.0 -    335.4   97.28 -  97.29
145      20              347.5 -    347.9   43.00 -  43.00
343      17              454.3 -    454.4   53.16 -  53.16
390      17              487.6 -    487.9   43.00 -  43.01
120      16              334.8 -    335.2   53.15 -  53.16
749      15              564.8 -    565.3   43.00 -  43.00
768      14              576.7 -    576.7   70.00 -  70.00
406      10              493.0 -    493.3   43.00 -  43.00
778      10              581.6 -    581.7   70.00 -  70.00
727      9               558.1 -    558.3   43.00 -  43.00
519      8               519.0 -    519.3   43.00 -  43.00
143      7               347.2 -    347.4   43.00 -  43.00
367      7               479.8 -    479.9   53.16 -  53.16
438      7               501.3 -    501.5   43.00 -  43.00
447      7               502.9 -    503.2   43.00 -  43.00
474      7               509.1 -    509.4   43.00 -  43.00
522      7               520.2 -    520.6   43.00 -  43.00
722      7               556.6 -    556.7   43.00 -  43.00
431      6               499.9 -    500.1   43.00 -  43.00
504      6               515.1 -    515.3   43.00 -  43.00
558      6               527.7 -    527.8   43.00 -  43.00
289      5               425.2 -    425.5   53.05 -  53.06
429      5               499.5 -    499.7   43.00 -  43.00
444      5               502.4 -    502.5   43.00 -  43.00
453      5               504.2 -    504.4   43.00 -  43.00
523      5               520.9 -    521.0   43.00 -  43.00
527      5               521.7 -    521.8   43.00 -  43.00
542      5               524.7 -    524.8   43.00 -  43.00
612      5               537.0 -    537.2   53.05 -  53.08
629      5               540.3 -    540.5   43.00 -  43.00
645      5               543.3 -    543.4   43.00 -  43.00
675      5               546.9 -    547.0   43.00 -  43.00
169      4               366.0 -    366.1   53.16 -  53.22
427      4               498.9 -    499.0   43.00 -  43.00
469      4               507.7 -    507.8   43.00 -  43.00
473      4               508.3 -    508.5   43.00 -  43.00
515      4               518.1 -    518.2   43.00 -  43.00
516      4               518.3 -    518.5   43.00 -  43.00
546      4               525.5 -    525.6   43.00 -  43.00
548      4               525.9 -    526.0   43.00 -  43.00
583      4               531.6 -    531.7   43.00 -  43.00
632      4               541.0 -    541.0   43.00 -  43.00
656      4               544.9 -    545.0   43.00 -  43.00
681      4               549.1 -    549.3   43.00 -  43.00
712      4               554.8 -    555.0   43.00 -  43.00
726      4               557.7 -    557.9   43.00 -  43.00
728      4               558.4 -    558.6   43.00 -  43.00
773      4               578.9 -    579.0   70.00 -  70.00
152      3               352.3 -    352.4   53.04 -  53.05
208      3               389.8 -    389.9   53.02 -  53.05
213      3               392.2 -    392.3   53.05 -  53.06
256      3               414.5 -    414.6   53.05 -  53.06
278      3               422.2 -    422.3   53.05 -  53.05
292      3               426.7 -    426.8   53.05 -  53.06
400      3               491.9 -    492.1   43.00 -  43.00
421      3               497.5 -    497.6   43.00 -  43.00
436      3               501.0 -    501.1   43.00 -  43.00
450      3               503.6 -    503.7   43.00 -  43.00
477      3               509.6 -    509.7   43.00 -  43.00
481      3               510.6 -    510.7   43.00 -  43.00
487      3               511.8 -    511.9   43.00 -  43.00
524      3               521.1 -    521.2   43.00 -  43.00
534      3               523.4 -    523.5   43.00 -  43.00
539      3               524.2 -    524.3   43.00 -  43.00
555      3               527.4 -    527.5   43.00 -  43.00
561      3               528.6 -    528.6   53.09 -  53.09
571      3               529.7 -    529.8   53.08 -  53.09
574      3               530.0 -    530.1   43.00 -  43.00
644      3               543.1 -    543.2   43.00 -  43.00
673      3               546.7 -    546.7   43.00 -  43.00
687      3               550.7 -    550.7   43.00 -  43.00
702      3               553.1 -    553.2   43.00 -  43.00
717      3               555.8 -    556.0   43.00 -  43.00
724      3               557.2 -    557.3   43.00 -  43.00
731      3               559.1 -    559.2   43.00 -  43.00
745      3               563.1 -    563.2   43.00 -  43.00
780      3               586.7 -    586.7   70.00 -  70.00
54       2               307.2 -    307.2   42.98 -  43.00
74       2               312.6 -    312.7   53.04 -  53.04
97       2               327.1 -    327.1   53.04 -  53.04
101      2               328.9 -    329.0   53.14 -  53.15
103      2               330.0 -    330.0   53.15 -  53.15
108      2               331.7 -    331.8   43.00 -  43.00
111      2               332.4 -    332.4   53.14 -  53.15
125      2               337.7 -    337.7   97.60 -  97.64
127      2               338.2 -    338.3   53.03 -  53.04
129      2               338.9 -    339.0   53.05 -  53.05
138      2               344.1 -    344.2   53.01 -  53.03
141      2               347.0 -    347.1   43.00 -  43.00
167      2               364.9 -    365.0   53.03 -  53.04
191      2               380.6 -    380.6   53.04 -  53.05
200      2               386.4 -    386.4   53.05 -  53.05
201      2               387.0 -    387.0   53.04 -  53.05
205      2               388.4 -    388.4   53.04 -  53.05
207      2               389.2 -    389.2   53.05 -  53.05
210      2               391.3 -    391.4   53.04 -  53.05
222      2               396.8 -    396.8   53.05 -  53.05
230      2               403.4 -    403.4   53.03 -  53.04
238      2               406.7 -    406.7   53.04 -  53.05
248      2               411.4 -    411.5   53.05 -  53.05
249      2               411.8 -    411.8   53.05 -  53.05
255      2               414.3 -    414.4   53.05 -  53.05
257      2               414.7 -    414.8   53.05 -  53.05
258      2               415.0 -    415.0   53.05 -  53.07
262      2               416.6 -    416.7   53.05 -  53.05
271      2               418.7 -    418.8   53.05 -  53.05
276      2               421.2 -    421.2   53.04 -  53.05
281      2               423.2 -    423.2   53.05 -  53.05
291      2               426.2 -    426.3   53.05 -  53.05
295      2               427.6 -    427.7   53.05 -  53.05
296      2               428.4 -    428.5   53.05 -  53.05
300      2               429.9 -    430.0   53.05 -  53.05
306      2               432.9 -    433.0   53.05 -  53.05
313      2               436.4 -    436.4   53.03 -  53.05
314      2               436.6 -    436.6   53.05 -  53.05
316      2               437.0 -    437.1   53.05 -  53.06
318      2               437.8 -    437.9   53.05 -  53.06
322      2               441.2 -    441.2   53.05 -  53.05
329      2               444.7 -    444.8   53.05 -  53.05
330      2               445.1 -    445.2   70.00 -  70.00
334      2               445.9 -    445.9   53.02 -  53.03
346      2               461.3 -    461.3   53.04 -  53.05
347      2               461.6 -    461.6   43.00 -  43.00
374      2               483.4 -    483.4   53.16 -  53.16
382      2               485.3 -    485.3   53.15 -  53.15
397      2               491.2 -    491.3   43.00 -  43.00
414      2               495.6 -    495.6   53.06 -  53.08
415      2               495.7 -    495.8   43.00 -  43.00
418      2               496.5 -    496.5   43.00 -  43.00
419      2               496.6 -    496.7   43.00 -  43.00
420      2               496.9 -    496.9   43.00 -  43.00
428      2               499.2 -    499.2   43.00 -  43.00
434      2               500.6 -    500.6   43.00 -  43.00
459      2               505.7 -    505.7   43.00 -  43.00
460      2               505.9 -    506.0   43.00 -  43.00
462      2               506.4 -    506.5   43.00 -  43.00
480      2               510.5 -    510.5   53.05 -  53.12
484      2               511.5 -    511.5   43.00 -  43.00
489      2               512.1 -    512.2   53.05 -  53.11
490      2               512.2 -    512.3   43.00 -  43.00
492      2               512.6 -    512.6   43.00 -  43.00
494      2               513.0 -    513.0   43.00 -  43.00
497      2               513.6 -    513.7   43.00 -  43.00
501      2               514.4 -    514.4   43.00 -  43.00
502      2               514.6 -    514.7   43.00 -  43.00
503      2               514.9 -    514.9   43.00 -  43.00
508      2               516.2 -    516.2   43.00 -  43.00
509      2               516.4 -    516.4   43.00 -  43.00
518      2               518.8 -    518.8   43.00 -  43.00
520      2               519.6 -    519.6   43.00 -  43.00
521      2               519.9 -    520.0   43.00 -  43.00
526      2               521.5 -    521.5   43.00 -  43.00
532      2               523.0 -    523.1   69.99 -  70.00
533      2               523.0 -    523.1   43.00 -  43.00
537      2               523.8 -    523.9   43.00 -  43.00
538      2               524.0 -    524.0   43.00 -  43.00
543      2               524.9 -    524.9   43.00 -  43.00
545      2               525.3 -    525.3   43.00 -  43.00
549      2               526.1 -    526.2   43.00 -  43.00
552      2               526.5 -    526.6   43.00 -  43.00
553      2               526.8 -    526.8   43.00 -  43.00
562      2               528.6 -    528.7   43.00 -  43.00
563      2               528.8 -    528.8   53.09 -  53.09
564      2               528.8 -    528.9   43.00 -  43.00
570      2               529.6 -    529.7   43.00 -  43.00
572      2               529.8 -    529.8   43.00 -  43.00
585      2               531.9 -    532.0   43.00 -  43.00
589      2               532.8 -    532.8   43.00 -  43.00
594      2               533.9 -    533.9   53.08 -  53.08
596      2               534.2 -    534.3   53.21 -  53.22
604      2               535.6 -    535.6   53.08 -  53.08
606      2               536.1 -    536.1   53.07 -  53.08
607      2               536.2 -    536.2   43.00 -  43.00
610      2               536.8 -    536.8   43.00 -  43.00
614      2               537.4 -    537.4   43.00 -  43.00
619      2               537.8 -    537.9   53.08 -  53.08
636      2               542.2 -    542.2   43.00 -  43.00
651      2               544.1 -    544.1   43.00 -  43.00
660      2               545.4 -    545.4   43.00 -  43.00
672      2               546.7 -    546.7   53.06 -  53.06
690      2               551.1 -    551.1   43.00 -  43.00
691      2               551.4 -    551.4   43.00 -  43.00
695      2               552.1 -    552.1   43.00 -  43.00
697      2               552.5 -    552.6   43.00 -  43.00
700      2               552.7 -    552.8   70.00 -  70.00
705      2               553.6 -    553.7   53.05 -  53.06
707      2               554.0 -    554.1   43.00 -  43.00
729      2               558.7 -    558.8   43.00 -  43.00
732      2               559.3 -    559.4   43.00 -  43.00
738      2               561.6 -    561.7   43.00 -  43.00
776      2               579.9 -    579.9   70.00 -  70.00
777      2               580.3 -    580.4   70.00 -  70.00
0        1               157.4 -    157.4   53.02 -  53.02
1        1               193.6 -    193.6   53.02 -  53.02
2        1               203.6 -    203.6   53.02 -  53.02
3        1               210.2 -    210.2   53.03 -  53.03
4        1               210.9 -    210.9   42.96 -  42.96
5        1               211.4 -    211.4   53.02 -  53.02
6        1               215.9 -    215.9   53.00 -  53.00
7        1               222.2 -    222.2   42.99 -  42.99
8        1               222.9 -    222.9   42.99 -  42.99
9        1               227.5 -    227.5   53.03 -  53.03
10       1               229.3 -    229.3   53.03 -  53.03
11       1               244.8 -    244.8   53.03 -  53.03
12       1               249.1 -    249.1   53.04 -  53.04
13       1               250.9 -    250.9   42.97 -  42.97
14       1               252.0 -    252.0   53.20 -  53.20
15       1               266.2 -    266.2   97.28 -  97.28
16       1               266.6 -    266.6   97.28 -  97.28
17       1               267.1 -    267.1   97.28 -  97.28
18       1               267.4 -    267.4   97.28 -  97.28
19       1               267.7 -    267.7   97.28 -  97.28
20       1               268.1 -    268.1   97.28 -  97.28
21       1               268.4 -    268.4   97.28 -  97.28
22       1               268.7 -    268.7   97.28 -  97.28
23       1               269.1 -    269.1   97.28 -  97.28
24       1               269.5 -    269.5   97.28 -  97.28
25       1               269.8 -    269.8   97.28 -  97.28
26       1               270.2 -    270.2   97.28 -  97.28
27       1               270.3 -    270.3   53.03 -  53.03
28       1               270.6 -    270.6   97.28 -  97.28
29       1               271.0 -    271.0   97.28 -  97.28
30       1               271.2 -    271.2   97.28 -  97.28
31       1               271.6 -    271.6   97.28 -  97.28
32       1               271.9 -    271.9   97.28 -  97.28
33       1               272.2 -    272.2   97.28 -  97.28
34       1               272.6 -    272.6   97.28 -  97.28
35       1               272.8 -    272.8   97.28 -  97.28
36       1               273.1 -    273.1   97.28 -  97.28
37       1               273.4 -    273.4   97.28 -  97.28
38       1               273.7 -    273.7   97.28 -  97.28
39       1               274.0 -    274.0   97.28 -  97.28
40       1               274.2 -    274.2   97.28 -  97.28
41       1               280.8 -    280.8   42.97 -  42.97
42       1               281.3 -    281.3   42.99 -  42.99
43       1               281.8 -    281.8   42.96 -  42.96
44       1               287.0 -    287.0   53.03 -  53.03
45       1               291.2 -    291.2   53.00 -  53.00
46       1               297.3 -    297.3   53.21 -  53.21
47       1               298.9 -    298.9   53.03 -  53.03
48       1               304.5 -    304.5   53.04 -  53.04
49       1               305.6 -    305.6   43.00 -  43.00
50       1               306.0 -    306.0   43.00 -  43.00
51       1               306.4 -    306.4   43.00 -  43.00
52       1               306.8 -    306.8   43.00 -  43.00
53       1               307.2 -    307.2   53.04 -  53.04
55       1               307.6 -    307.6   43.00 -  43.00
56       1               308.0 -    308.0   43.00 -  43.00
57       1               308.4 -    308.4   43.00 -  43.00
58       1               308.9 -    308.9   43.00 -  43.00
59       1               308.9 -    308.9   53.04 -  53.04
60       1               309.2 -    309.2   53.12 -  53.12
61       1               309.3 -    309.3   43.00 -  43.00
62       1               309.4 -    309.4   53.21 -  53.21
63       1               309.7 -    309.7   43.00 -  43.00
64       1               310.2 -    310.2   43.00 -  43.00
65       1               310.3 -    310.3   53.14 -  53.14
66       1               310.6 -    310.6   53.03 -  53.03
67       1               310.6 -    310.6   43.00 -  43.00
68       1               310.8 -    310.8   42.98 -  42.98
69       1               311.0 -    311.0   43.00 -  43.00
70       1               311.5 -    311.5   43.00 -  43.00
71       1               311.9 -    311.9   43.00 -  43.00
72       1               312.3 -    312.3   42.99 -  42.99
73       1               312.5 -    312.5   42.98 -  42.98
75       1               312.8 -    312.8   43.00 -  43.00
76       1               313.3 -    313.3   43.00 -  43.00
77       1               313.7 -    313.7   43.00 -  43.00
78       1               314.0 -    314.0   53.01 -  53.01
79       1               314.2 -    314.2   43.00 -  43.00
80       1               314.7 -    314.7   43.00 -  43.00
81       1               315.1 -    315.1   43.00 -  43.00
82       1               315.3 -    315.3   53.03 -  53.03
83       1               315.6 -    315.6   43.00 -  43.00
84       1               315.9 -    315.9   53.04 -  53.04
85       1               316.1 -    316.1   42.99 -  42.99
86       1               316.6 -    316.6   42.99 -  42.99
87       1               317.1 -    317.1   53.04 -  53.04
88       1               317.2 -    317.2   42.99 -  42.99
89       1               317.7 -    317.7   43.00 -  43.00
90       1               319.6 -    319.6   53.04 -  53.04
91       1               322.1 -    322.1   53.05 -  53.05
92       1               322.2 -    322.2   53.20 -  53.20
93       1               324.2 -    324.2   70.00 -  70.00
94       1               324.6 -    324.6   42.99 -  42.99
95       1               325.2 -    325.2   43.00 -  43.00
96       1               327.0 -    327.0   42.99 -  42.99
98       1               327.1 -    327.1   42.98 -  42.98
99       1               328.1 -    328.1   53.04 -  53.04
100      1               328.5 -    328.5   53.15 -  53.15
102      1               329.5 -    329.5   53.15 -  53.15
104      1               330.5 -    330.5   53.15 -  53.15
105      1               331.0 -    331.0   53.15 -  53.15
106      1               331.0 -    331.0   53.04 -  53.04
107      1               331.6 -    331.6   53.15 -  53.15
109      1               331.9 -    331.9   97.65 -  97.65
112      1               333.2 -    333.2   53.15 -  53.15
113      1               333.2 -    333.2   97.62 -  97.62
114      1               333.4 -    333.4   97.63 -  97.63
115      1               333.8 -    333.8   53.15 -  53.15
116      1               333.8 -    333.8   97.61 -  97.61
117      1               334.1 -    334.1   97.28 -  97.28
118      1               334.5 -    334.5   53.15 -  53.15
119      1               334.7 -    334.7   53.16 -  53.16
122      1               335.3 -    335.3   53.15 -  53.15
123      1               336.6 -    336.6   53.05 -  53.05
124      1               337.3 -    337.3   97.29 -  97.29
126      1               338.1 -    338.1   42.99 -  42.99
128      1               338.5 -    338.5   97.63 -  97.63
130      1               339.5 -    339.5   53.04 -  53.04
131      1               340.1 -    340.1   53.04 -  53.04
132      1               340.6 -    340.6   53.02 -  53.02
133      1               340.8 -    340.8   53.03 -  53.03
134      1               341.3 -    341.3   53.22 -  53.22
135      1               342.2 -    342.2   97.28 -  97.28
136      1               343.0 -    343.0   53.04 -  53.04
137      1               343.4 -    343.4   53.04 -  53.04
139      1               344.8 -    344.8   53.04 -  53.04
140      1               346.4 -    346.4   97.29 -  97.29
142      1               347.1 -    347.1   97.29 -  97.29
144      1               347.4 -    347.4   53.04 -  53.04
146      1               347.9 -    347.9   53.21 -  53.21
147      1               347.9 -    347.9   53.05 -  53.05
148      1               348.1 -    348.1   53.20 -  53.20
149      1               350.0 -    350.0   53.04 -  53.04
151      1               352.0 -    352.0   70.00 -  70.00
153      1               353.0 -    353.0   53.04 -  53.04
154      1               353.1 -    353.1   53.05 -  53.05
155      1               354.5 -    354.5   53.04 -  53.04
156      1               354.8 -    354.8   53.04 -  53.04
157      1               355.5 -    355.5   53.04 -  53.04
158      1               356.0 -    356.0   53.04 -  53.04
159      1               359.9 -    359.9   53.05 -  53.05
160      1               360.4 -    360.4   53.05 -  53.05
161      1               360.7 -    360.7   53.04 -  53.04
162      1               361.3 -    361.3   53.14 -  53.14
163      1               361.9 -    361.9   42.99 -  42.99
164      1               362.6 -    362.6   53.04 -  53.04
166      1               364.0 -    364.0   53.04 -  53.04
168      1               365.3 -    365.3   53.04 -  53.04
170      1               366.6 -    366.6   53.05 -  53.05
172      1               367.5 -    367.5   53.04 -  53.04
173      1               368.5 -    368.5   53.05 -  53.05
174      1               370.1 -    370.1   53.04 -  53.04
175      1               370.7 -    370.7   53.22 -  53.22
176      1               370.8 -    370.8   53.05 -  53.05
177      1               373.6 -    373.6   53.05 -  53.05
178      1               374.9 -    374.9   53.15 -  53.15
179      1               374.9 -    374.9   53.05 -  53.05
180      1               375.8 -    375.8   53.05 -  53.05
181      1               375.9 -    375.9   53.05 -  53.05
182      1               376.3 -    376.3   53.05 -  53.05
183      1               376.4 -    376.4   43.00 -  43.00
184      1               376.5 -    376.5   53.18 -  53.18
185      1               377.8 -    377.8   53.04 -  53.04
186      1               378.2 -    378.2   53.05 -  53.05
187      1               379.3 -    379.3   53.05 -  53.05
188      1               379.6 -    379.6   53.05 -  53.05
189      1               379.9 -    379.9   53.04 -  53.04
190      1               380.2 -    380.2   53.05 -  53.05
192      1               381.7 -    381.7   53.04 -  53.04
193      1               383.8 -    383.8   53.04 -  53.04
194      1               384.0 -    384.0   53.22 -  53.22
195      1               384.5 -    384.5   53.04 -  53.04
196      1               384.9 -    384.9   69.97 -  69.97
197      1               384.9 -    384.9   53.04 -  53.04
198      1               385.4 -    385.4   53.04 -  53.04
199      1               386.2 -    386.2   53.05 -  53.05
202      1               387.2 -    387.2   53.05 -  53.05
203      1               387.6 -    387.6   53.04 -  53.04
204      1               388.0 -    388.0   53.03 -  53.03
206      1               388.9 -    388.9   53.02 -  53.02
209      1               390.4 -    390.4   53.05 -  53.05
211      1               392.0 -    392.0   53.04 -  53.04
212      1               392.1 -    392.1   42.99 -  42.99
214      1               393.8 -    393.8   53.05 -  53.05
215      1               394.0 -    394.0   53.05 -  53.05
216      1               395.0 -    395.0   53.04 -  53.04
217      1               395.4 -    395.4   53.05 -  53.05
218      1               396.1 -    396.1   53.04 -  53.04
219      1               396.2 -    396.2   53.05 -  53.05
220      1               396.4 -    396.4   53.05 -  53.05
221      1               396.5 -    396.5   53.05 -  53.05
223      1               399.6 -    399.6   70.00 -  70.00
224      1               399.6 -    399.6   53.05 -  53.05
225      1               400.6 -    400.6   53.05 -  53.05
226      1               400.9 -    400.9   53.04 -  53.04
227      1               401.1 -    401.1   53.05 -  53.05
228      1               401.4 -    401.4   53.05 -  53.05
229      1               401.5 -    401.5   53.05 -  53.05
231      1               403.6 -    403.6   53.05 -  53.05
232      1               404.0 -    404.0   53.05 -  53.05
233      1               404.6 -    404.6   53.05 -  53.05
234      1               405.5 -    405.5   53.05 -  53.05
235      1               405.8 -    405.8   53.05 -  53.05
236      1               406.2 -    406.2   53.05 -  53.05
237      1               406.5 -    406.5   53.05 -  53.05
239      1               407.0 -    407.0   53.05 -  53.05
240      1               407.3 -    407.3   53.05 -  53.05
241      1               407.3 -    407.3   53.16 -  53.16
242      1               407.6 -    407.6   53.05 -  53.05
243      1               407.8 -    407.8   53.15 -  53.15
244      1               409.4 -    409.4   53.05 -  53.05
245      1               410.2 -    410.2   53.05 -  53.05
246      1               410.4 -    410.4   53.04 -  53.04
247      1               410.6 -    410.6   53.05 -  53.05
250      1               412.0 -    412.0   53.05 -  53.05
251      1               412.1 -    412.1   53.05 -  53.05
252      1               413.2 -    413.2   53.05 -  53.05
253      1               413.8 -    413.8   53.05 -  53.05
254      1               414.2 -    414.2   53.05 -  53.05
259      1               415.3 -    415.3   53.05 -  53.05
260      1               415.6 -    415.6   53.05 -  53.05
261      1               416.4 -    416.4   53.02 -  53.02
263      1               416.9 -    416.9   53.05 -  53.05
264      1               416.9 -    416.9   53.21 -  53.21
265      1               417.1 -    417.1   53.05 -  53.05
266      1               417.3 -    417.3   53.05 -  53.05
267      1               417.4 -    417.4   42.99 -  42.99
268      1               417.5 -    417.5   43.00 -  43.00
269      1               418.2 -    418.2   53.05 -  53.05
270      1               418.2 -    418.2   53.21 -  53.21
272      1               419.3 -    419.3   43.00 -  43.00
273      1               420.1 -    420.1   53.05 -  53.05
274      1               420.3 -    420.3   53.05 -  53.05
275      1               420.7 -    420.7   53.03 -  53.03
277      1               421.9 -    421.9   53.05 -  53.05
279      1               422.8 -    422.8   53.05 -  53.05
280      1               422.9 -    422.9   53.05 -  53.05
282      1               423.3 -    423.3   53.04 -  53.04
283      1               423.7 -    423.7   53.05 -  53.05
284      1               423.8 -    423.8   53.05 -  53.05
285      1               424.5 -    424.5   53.22 -  53.22
286      1               424.7 -    424.7   53.05 -  53.05
287      1               424.9 -    424.9   53.05 -  53.05
288      1               425.0 -    425.0   53.05 -  53.05
290      1               425.7 -    425.7   53.04 -  53.04
293      1               427.0 -    427.0   53.05 -  53.05
294      1               427.4 -    427.4   53.05 -  53.05
297      1               428.6 -    428.6   53.05 -  53.05
298      1               428.8 -    428.8   53.05 -  53.05
299      1               429.0 -    429.0   53.05 -  53.05
301      1               430.0 -    430.0   53.21 -  53.21
302      1               431.1 -    431.1   53.05 -  53.05
303      1               431.2 -    431.2   53.15 -  53.15
304      1               431.7 -    431.7   53.05 -  53.05
305      1               432.7 -    432.7   53.05 -  53.05
307      1               433.1 -    433.1   53.05 -  53.05
308      1               433.3 -    433.3   53.05 -  53.05
309      1               433.6 -    433.6   53.05 -  53.05
310      1               434.1 -    434.1   53.05 -  53.05
311      1               435.1 -    435.1   53.05 -  53.05
312      1               435.5 -    435.5   43.00 -  43.00
315      1               436.9 -    436.9   53.05 -  53.05
317      1               437.4 -    437.4   53.04 -  53.04
319      1               438.8 -    438.8   43.00 -  43.00
320      1               439.8 -    439.8   53.05 -  53.05
321      1               441.0 -    441.0   53.05 -  53.05
323      1               442.1 -    442.1   42.99 -  42.99
324      1               442.3 -    442.3   53.05 -  53.05
325      1               442.6 -    442.6   53.03 -  53.03
326      1               443.1 -    443.1   53.05 -  53.05
327      1               443.2 -    443.2   53.04 -  53.04
328      1               443.4 -    443.4   53.05 -  53.05
331      1               445.2 -    445.2   53.16 -  53.16
332      1               445.5 -    445.5   53.05 -  53.05
333      1               445.8 -    445.8   53.22 -  53.22
335      1               446.1 -    446.1   53.03 -  53.03
336      1               446.6 -    446.6   53.15 -  53.15
337      1               447.3 -    447.3   53.05 -  53.05
338      1               448.2 -    448.2   53.05 -  53.05
339      1               448.5 -    448.5   53.07 -  53.07
340      1               450.7 -    450.7   53.22 -  53.22
342      1               453.9 -    453.9   53.16 -  53.16
344      1               454.6 -    454.6   53.16 -  53.16
345      1               459.3 -    459.3   53.16 -  53.16
348      1               463.3 -    463.3   53.05 -  53.05
349      1               464.4 -    464.4   53.04 -  53.04
350      1               464.4 -    464.4   43.00 -  43.00
351      1               464.5 -    464.5   42.99 -  42.99
352      1               465.5 -    465.5   53.07 -  53.07
353      1               466.3 -    466.3   53.22 -  53.22
354      1               466.4 -    466.4   43.00 -  43.00
355      1               466.6 -    466.6   70.00 -  70.00
356      1               467.3 -    467.3   43.00 -  43.00
357      1               467.9 -    467.9   53.21 -  53.21
358      1               470.3 -    470.3   53.04 -  53.04
359      1               471.0 -    471.0   53.22 -  53.22
360      1               473.6 -    473.6   43.00 -  43.00
361      1               473.8 -    473.8   97.60 -  97.60
362      1               475.9 -    475.9   53.07 -  53.07
363      1               476.7 -    476.7   43.01 -  43.01
364      1               477.5 -    477.5   43.00 -  43.00
365      1               478.3 -    478.3   43.00 -  43.00
366      1               479.6 -    479.6   43.00 -  43.00
368      1               480.0 -    480.0   53.16 -  53.16
369      1               481.0 -    481.0   53.16 -  53.16
370      1               481.2 -    481.2   43.00 -  43.00
372      1               483.2 -    483.2   53.16 -  53.16
373      1               483.3 -    483.3   43.00 -  43.00
375      1               483.7 -    483.7   53.16 -  53.16
376      1               483.7 -    483.7   43.00 -  43.00
377      1               483.8 -    483.8   53.06 -  53.06
378      1               484.3 -    484.3   53.16 -  53.16
379      1               484.4 -    484.4   53.15 -  53.15
380      1               484.6 -    484.6   43.00 -  43.00
383      1               485.5 -    485.5   53.15 -  53.15
384      1               485.6 -    485.6   43.00 -  43.00
385      1               485.8 -    485.8   53.15 -  53.15
386      1               486.4 -    486.4   43.00 -  43.00
387      1               486.6 -    486.6   53.03 -  53.03
388      1               487.1 -    487.1   53.15 -  53.15
389      1               487.7 -    487.7   53.15 -  53.15
391      1               488.7 -    488.7   53.05 -  53.05
392      1               488.8 -    488.8   43.00 -  43.00
393      1               489.2 -    489.2   43.01 -  43.01
395      1               490.8 -    490.8   53.14 -  53.14
396      1               491.0 -    491.0   53.15 -  53.15
398      1               491.4 -    491.4   53.14 -  53.14
399      1               491.5 -    491.5   53.05 -  53.05
401      1               492.1 -    492.1   53.15 -  53.15
402      1               492.2 -    492.2   43.00 -  43.00
403      1               492.5 -    492.5   43.00 -  43.00
405      1               492.9 -    492.9   53.14 -  53.14
407      1               493.4 -    493.4   43.00 -  43.00
408      1               493.8 -    493.8   53.14 -  53.14
409      1               494.2 -    494.2   43.00 -  43.00
410      1               494.9 -    494.9   53.14 -  53.14
411      1               495.1 -    495.1   43.00 -  43.00
412      1               495.2 -    495.2   43.00 -  43.00
413      1               495.5 -    495.5   43.00 -  43.00
416      1               496.1 -    496.1   53.14 -  53.14
417      1               496.3 -    496.3   43.00 -  43.00
422      1               498.2 -    498.2   43.00 -  43.00
423      1               498.3 -    498.3   53.13 -  53.13
424      1               498.5 -    498.5   43.00 -  43.00
425      1               498.8 -    498.8   70.01 -  70.01
426      1               498.9 -    498.9   70.00 -  70.00
430      1               499.8 -    499.8   53.13 -  53.13
432      1               500.2 -    500.2   53.13 -  53.13
433      1               500.4 -    500.4   43.00 -  43.00
435      1               500.8 -    500.8   43.00 -  43.00
437      1               501.1 -    501.1   53.19 -  53.19
439      1               501.7 -    501.7   43.00 -  43.00
440      1               501.8 -    501.8   43.00 -  43.00
441      1               502.0 -    502.0   43.00 -  43.00
442      1               502.1 -    502.1   53.13 -  53.13
443      1               502.2 -    502.2   43.00 -  43.00
445      1               502.9 -    502.9   53.13 -  53.13
446      1               503.0 -    503.0   53.13 -  53.13
448      1               503.1 -    503.1   53.05 -  53.05
449      1               503.5 -    503.5   43.00 -  43.00
451      1               503.8 -    503.8   43.00 -  43.00
452      1               504.0 -    504.0   43.00 -  43.00
454      1               504.4 -    504.4   53.13 -  53.13
455      1               504.8 -    504.8   43.00 -  43.00
456      1               504.9 -    504.9   53.06 -  53.06
457      1               505.1 -    505.1   53.12 -  53.12
458      1               505.4 -    505.4   53.12 -  53.12
461      1               506.3 -    506.3   53.12 -  53.12
463      1               506.6 -    506.6   53.12 -  53.12
464      1               506.9 -    506.9   43.00 -  43.00
465      1               507.1 -    507.1   53.12 -  53.12
466      1               507.2 -    507.2   43.00 -  43.00
467      1               507.4 -    507.4   43.00 -  43.00
468      1               507.6 -    507.6   53.22 -  53.22
470      1               507.8 -    507.8   53.12 -  53.12
471      1               508.1 -    508.1   69.99 -  69.99
472      1               508.1 -    508.1   43.00 -  43.00
475      1               509.4 -    509.4   53.12 -  53.12
476      1               509.5 -    509.5   43.00 -  43.00
478      1               510.0 -    510.0   43.00 -  43.00
479      1               510.2 -    510.2   53.12 -  53.12
482      1               510.9 -    510.9   43.00 -  43.00
483      1               510.9 -    510.9   53.12 -  53.12
485      1               511.7 -    511.7   97.62 -  97.62
486      1               511.7 -    511.7   43.00 -  43.00
488      1               511.9 -    511.9   97.64 -  97.64
491      1               512.5 -    512.5   43.00 -  43.00
493      1               513.0 -    513.0   53.11 -  53.11
495      1               513.2 -    513.2   43.00 -  43.00
496      1               513.5 -    513.5   43.00 -  43.00
498      1               513.9 -    513.9   43.00 -  43.00
499      1               514.0 -    514.0   43.00 -  43.00
500      1               514.2 -    514.2   43.00 -  43.00
505      1               515.6 -    515.6   43.00 -  43.00
506      1               515.8 -    515.8   43.00 -  43.00
507      1               515.9 -    515.9   43.00 -  43.00
510      1               517.1 -    517.1   43.00 -  43.00
511      1               517.3 -    517.3   43.00 -  43.00
512      1               517.8 -    517.8   43.00 -  43.00
513      1               517.9 -    517.9   53.21 -  53.21
514      1               518.0 -    518.0   70.00 -  70.00
517      1               518.4 -    518.4   53.11 -  53.11
525      1               521.4 -    521.4   43.00 -  43.00
528      1               522.0 -    522.0   43.00 -  43.00
529      1               522.1 -    522.1   43.00 -  43.00
530      1               522.4 -    522.4   43.00 -  43.00
531      1               522.7 -    522.7   43.00 -  43.00
535      1               523.6 -    523.6   53.21 -  53.21
536      1               523.6 -    523.6   43.00 -  43.00
540      1               524.3 -    524.3   53.10 -  53.10
541      1               524.5 -    524.5   43.00 -  43.00
544      1               525.1 -    525.1   43.00 -  43.00
547      1               525.6 -    525.6   53.09 -  53.09
550      1               526.3 -    526.3   53.09 -  53.09
551      1               526.4 -    526.4   43.00 -  43.00
554      1               527.0 -    527.0   43.00 -  43.00
556      1               527.6 -    527.6   43.00 -  43.00
557      1               527.7 -    527.7   53.09 -  53.09
559      1               528.2 -    528.2   43.00 -  43.00
560      1               528.2 -    528.2   53.09 -  53.09
565      1               529.0 -    529.0   53.21 -  53.21
566      1               529.0 -    529.0   53.09 -  53.09
567      1               529.1 -    529.1   43.00 -  43.00
568      1               529.5 -    529.5   70.00 -  70.00
569      1               529.6 -    529.6   53.09 -  53.09
573      1               529.9 -    529.9   43.00 -  43.00
575      1               530.4 -    530.4   43.00 -  43.00
576      1               530.5 -    530.5   43.00 -  43.00
577      1               530.8 -    530.8   43.00 -  43.00
578      1               530.9 -    530.9   70.00 -  70.00
579      1               530.9 -    530.9   43.00 -  43.00
580      1               531.2 -    531.2   43.00 -  43.00
581      1               531.3 -    531.3   53.09 -  53.09
582      1               531.3 -    531.3   43.00 -  43.00
584      1               531.9 -    531.9   53.05 -  53.05
586      1               532.1 -    532.1   43.00 -  43.00
587      1               532.3 -    532.3   53.08 -  53.08
588      1               532.3 -    532.3   53.22 -  53.22
590      1               532.8 -    532.8   53.08 -  53.08
591      1               533.4 -    533.4   43.00 -  43.00
592      1               533.5 -    533.5   53.08 -  53.08
593      1               533.6 -    533.6   43.00 -  43.00
595      1               534.1 -    534.1   43.00 -  43.00
597      1               534.4 -    534.4   53.08 -  53.08
598      1               534.5 -    534.5   43.00 -  43.00
599      1               534.7 -    534.7   43.00 -  43.00
600      1               534.9 -    534.9   53.08 -  53.08
601      1               535.0 -    535.0   43.00 -  43.00
602      1               535.3 -    535.3   43.00 -  43.00
603      1               535.4 -    535.4   43.00 -  43.00
605      1               535.6 -    535.6   43.00 -  43.00
608      1               536.3 -    536.3   43.00 -  43.00
609      1               536.8 -    536.8   53.08 -  53.08
611      1               536.9 -    536.9   43.00 -  43.00
613      1               537.3 -    537.3   43.00 -  43.00
615      1               537.4 -    537.4   53.21 -  53.21
616      1               537.5 -    537.5   43.00 -  43.00
617      1               537.6 -    537.6   53.08 -  53.08
618      1               537.7 -    537.7   43.00 -  43.00
620      1               538.0 -    538.0   53.08 -  53.08
621      1               538.1 -    538.1   43.00 -  43.00
622      1               538.5 -    538.5   43.00 -  43.00
623      1               538.6 -    538.6   53.08 -  53.08
624      1               538.7 -    538.7   53.08 -  53.08
625      1               539.0 -    539.0   53.21 -  53.21
626      1               539.1 -    539.1   43.00 -  43.00
627      1               539.6 -    539.6   43.00 -  43.00
628      1               539.9 -    539.9   43.00 -  43.00
630      1               540.6 -    540.6   43.00 -  43.00
631      1               540.9 -    540.9   53.07 -  53.07
633      1               541.2 -    541.2   43.00 -  43.00
634      1               541.7 -    541.7   70.00 -  70.00
635      1               541.8 -    541.8   43.00 -  43.00
637      1               542.2 -    542.2   53.07 -  53.07
638      1               542.5 -    542.5   53.07 -  53.07
639      1               542.6 -    542.6   43.00 -  43.00
640      1               542.7 -    542.7   53.22 -  53.22
641      1               542.7 -    542.7   70.00 -  70.00
642      1               542.8 -    542.8   53.07 -  53.07
643      1               543.0 -    543.0   69.99 -  69.99
646      1               543.7 -    543.7   53.05 -  53.05
647      1               543.8 -    543.8   43.00 -  43.00
648      1               543.9 -    543.9   43.00 -  43.00
649      1               544.0 -    544.0   53.06 -  53.06
650      1               544.0 -    544.0   53.21 -  53.21
652      1               544.2 -    544.2   53.07 -  53.07
653      1               544.3 -    544.3   43.00 -  43.00
654      1               544.6 -    544.6   43.00 -  43.00
655      1               544.6 -    544.6   53.05 -  53.05
657      1               545.2 -    545.2   43.00 -  43.00
658      1               545.3 -    545.3   53.06 -  53.06
659      1               545.4 -    545.4   53.22 -  53.22
661      1               545.4 -    545.4   70.00 -  70.00
662      1               545.6 -    545.6   53.07 -  53.07
663      1               545.8 -    545.8   43.00 -  43.00
664      1               546.0 -    546.0   53.06 -  53.06
665      1               546.1 -    546.1   43.00 -  43.00
666      1               546.2 -    546.2   43.00 -  43.00
667      1               546.3 -    546.3   43.00 -  43.00
668      1               546.3 -    546.3   53.06 -  53.06
669      1               546.4 -    546.4   53.22 -  53.22
670      1               546.5 -    546.5   43.00 -  43.00
671      1               546.6 -    546.6   53.22 -  53.22
676      1               547.0 -    547.0   53.05 -  53.05
677      1               547.5 -    547.5   53.06 -  53.06
678      1               548.1 -    548.1   43.00 -  43.00
679      1               548.4 -    548.4   43.00 -  43.00
680      1               548.7 -    548.7   43.00 -  43.00
682      1               549.3 -    549.3   53.06 -  53.06
683      1               549.5 -    549.5   43.00 -  43.00
684      1               549.9 -    549.9   43.00 -  43.00
685      1               550.3 -    550.3   43.00 -  43.00
686      1               550.5 -    550.5   43.00 -  43.00
688      1               550.8 -    550.8   43.00 -  43.00
689      1               550.9 -    550.9   43.00 -  43.00
692      1               551.4 -    551.4   53.06 -  53.06
693      1               551.7 -    551.7   43.00 -  43.00
694      1               551.9 -    551.9   53.06 -  53.06
696      1               552.5 -    552.5   53.05 -  53.05
698      1               552.6 -    552.6   53.06 -  53.06
699      1               552.7 -    552.7   43.00 -  43.00
701      1               552.8 -    552.8   43.00 -  43.00
703      1               553.3 -    553.3   43.00 -  43.00
704      1               553.5 -    553.5   43.00 -  43.00
706      1               553.9 -    553.9   70.00 -  70.00
708      1               554.3 -    554.3   43.00 -  43.00
710      1               554.5 -    554.5   43.00 -  43.00
711      1               554.7 -    554.7   43.00 -  43.00
713      1               555.0 -    555.0   70.00 -  70.00
714      1               555.3 -    555.3   43.00 -  43.00
715      1               555.5 -    555.5   43.00 -  43.00
716      1               555.6 -    555.6   43.00 -  43.00
718      1               556.2 -    556.2   70.00 -  70.00
719      1               556.2 -    556.2   43.00 -  43.00
720      1               556.4 -    556.4   43.00 -  43.00
723      1               556.9 -    556.9   43.00 -  43.00
725      1               557.5 -    557.5   43.00 -  43.00
730      1               558.9 -    558.9   43.00 -  43.00
733      1               559.5 -    559.5   43.00 -  43.00
734      1               559.8 -    559.8   43.00 -  43.00
735      1               560.0 -    560.0   70.00 -  70.00
736      1               560.0 -    560.0   43.00 -  43.00
737      1               561.0 -    561.0   43.00 -  43.00
739      1               562.0 -    562.0   43.00 -  43.00
740      1               562.2 -    562.2   43.00 -  43.00
741      1               562.4 -    562.4   70.00 -  70.00
742      1               562.6 -    562.6   43.00 -  43.00
743      1               562.8 -    562.8   43.00 -  43.00
744      1               563.0 -    563.0   43.00 -  43.00
746      1               563.4 -    563.4   70.00 -  70.00
747      1               563.4 -    563.4   43.00 -  43.00
750      1               566.1 -    566.1   70.00 -  70.00
752      1               566.4 -    566.4   43.01 -  43.01
753      1               566.9 -    566.9   70.00 -  70.00
754      1               568.8 -    568.8   43.00 -  43.00
755      1               568.8 -    568.8   70.00 -  70.00
756      1               569.7 -    569.7   97.60 -  97.60
758      1               570.3 -    570.3   97.61 -  97.61
759      1               570.4 -    570.4   70.00 -  70.00
760      1               572.1 -    572.1   70.00 -  70.00
761      1               572.3 -    572.3   70.00 -  70.00
762      1               572.5 -    572.5   70.00 -  70.00
763      1               573.1 -    573.1   70.00 -  70.00
764      1               573.8 -    573.8   70.00 -  70.00
765      1               574.3 -    574.3   70.00 -  70.00
766      1               574.7 -    574.7   70.00 -  70.00
767      1               575.3 -    575.3   70.00 -  70.00
769      1               577.4 -    577.4   70.00 -  70.00
770      1               578.0 -    578.0   70.00 -  70.00
771      1               578.5 -    578.5   70.00 -  70.00
772      1               578.6 -    578.6   70.00 -  70.00
775      1               579.5 -    579.5   70.00 -  70.00
779      1               586.0 -    586.0   70.00 -  70.00
--------------------------------------------------------------------------------

Wrote 781 shell TLE file(s) to: shells_tle
Wrote shell stats CSV: out/shell_stats.csv
Wrote shell stats JSON: out/shell_stats.json

================================================================================
OVERALL CONSTELLATION CHARACTERISTICS
================================================================================

Altitude Statistics:
  Min:    157.39 km
  Max:    586.68 km
  Mean:   497.70 km
  Std:     63.75 km

Inclination Statistics:
  Min:   42.9575°
  Max:   97.6605°
  Mean:  53.6583°
  Std:   13.8657°