STARLINK-1019           
1 44724U 19074M   26061.02405422  .00134374  00000+0  73033-3 0  9996
2 44724  53.0443 175.1945 0003404 173.1980 186.9087 15.79097211348235
STARLINK-1031           
1 44736U 19074Z   26061.25002314  .00232202  00000+0  84768-3 0  9993
2 44736  53.0413 157.8789 0003241 323.1865 230.1480 15.87260695  5984
STARLINK-1053           
1 44758U 19074AX  26061.25002314  .00218888  00000+0  77414-3 0  9991
2 44758  53.0288 121.3358 0007036  27.1913 273.3026 15.87911486  5994
STARLINK-1159           
1 45057U 20006P   26061.25002314  .00114915  00000+0  61494-3 0  9998
2 45057  53.0450 272.1411 0004686 121.7341 335.9972 15.79502963  6024
STARLINK-1298           
1 45413U 20019BF  26061.25002314  .00206474  26979-4  62290-3 0  9993
2 45413  53.0364  91.9927 0007677 351.5523 214.6061 15.91773793  5948
STARLINK-1363           
1 45568U 20025AP  26061.08628074  .00104902  00000+0  69173-3 0  9991
2 45568  53.0430  75.6389 0008665  28.6284 331.5209 15.74797541324853
STARLINK-1366           
1 45569U 20025AQ  26061.03447828  .00110502  00000+0  75209-3 0  9993
2 45569  53.0422  76.6281 0008363  25.2426 334.8999 15.74046428324834
STARLINK-1457           
1 45674U 20035T   26061.00131667  .00122844  00000+0  75411-3 0  9996
2 45674  53.0477  60.8687 0010013  38.2792 321.8937 15.76348805318119
STARLINK-1398           
1 45699U 20035AU  26061.25002314  .00332531  51977-4  10850-2 0  9991
2 45699  53.0388 337.2441 0004156 122.3097 308.6652 15.90170342  6048
STARLINK-1494           
1 45760U 20038AG  26060.74494906  .00103454  00000+0  77188-3 0  9992
2 45760  53.0482 191.0685 0003477 329.5139  30.5676 15.71957241316143
STARLINK-1585           
1 46117U 20057A   26061.25002314  .00163596  00000+0  85784-3 0  9999
2 46117  53.0421 284.4536 0004683 121.5704 275.9571 15.79787118  5846
STARLINK-1593           
1 46119U 20057C   26061.25002314  .00081086  00000+0  60281-3 0  9999
2 46119  53.0462 307.3431 0004848 109.4793 313.2055 15.72137448  5940
STARLINK-1621           
1 46127U 20057L   26061.25002314  .00032629  00000+0  22285-3 0  9999
2 46127  53.0450 280.7679 0005854 185.0368 134.8286 15.74518040  5946
STARLINK-1625           
1 46131U 20057Q   26061.25002314  .00136108  00000+0  69836-3 0  9994
2 46131  53.0478 285.5992 0006821 175.3064 302.6685 15.80335047  6009
STARLINK-1587           
1 46157U 20057AS  26061.25002314  .00365918  00000+0  11702-2 0  9993
2 46157  53.0332 254.3673 0003282 224.0166 319.4025 15.89594068  5977
STARLINK-1612           
1 46164U 20057AZ  26061.25002314  .00136268  00000+0  78926-3 0  9997
2 46164  53.0345 249.1525 0005224 194.6965 181.6424 15.77663419  5958
STARLINK-1752           
1 46338U 20062P   26061.16668981  .00357043  00000+0  13415-2 0  9991
2 46338  53.0407   5.2812 0000694 214.5698 151.4650 15.86358203  5904
STARLINK-1765           
1 46344U 20062V   26061.16668981  .00356442  00000+0  15208-2 0  9992
2 46344  53.0417 339.6822 0004430 135.6116 358.3705 15.83704140  6011
STARLINK-1575           
1 46349U 20062AA  26061.16668981  .00198385  00000+0  10340-2 0  9999
2 46349  53.0289 300.5422 0010261 139.3933 303.3236 15.79757538  5992
STARLINK-1657           
1 46354U 20062AF  26061.16668981  .00202927  00000+0  10715-2 0  9999
2 46354  53.0474   6.9631 0002480 242.0331 169.6973 15.79524402  5950
STARLINK-1726           
1 46362U 20062AP  26061.16668981  .00436344  00000+0  14352-2 0  9991
2 46362  53.0385 298.6220 0007869 144.3816  24.9312 15.88839519  6007
STARLINK-1742           
1 46376U 20062BD  26061.16668981  .00181572  00000+0  98649-3 0  9998
2 46376  53.0286 293.5783 0011290 122.8687 171.8087 15.78876708  5831
STARLINK-1648           
1 46533U 20070B   26061.16668981  .00350411  00000+0  13729-2 0  9997
2 46533  53.0457 164.0990 0005742 279.1532 313.3226 15.85498459  6007
STARLINK-1680           
1 46558U 20070AC  26061.00002315  .00075510  00000+0  52042-3 0  9996
2 46558  53.0433 147.8260 0006369 339.9065 223.8184 15.73931045  5961
STARLINK-1681           
1 46559U 20070AD  26061.16668981  .00104240  00000+0  68748-3 0  9994
2 46559  53.0496 111.9108 0009108 340.3458 175.8203 15.74791283  5990
STARLINK-1733           
1 46564U 20070AJ  26061.16668981  .00080710  00000+0  60756-3 0  9996
2 46564  53.0434 144.7494 0001280 268.1022 257.1764 15.71855025  5984
STARLINK-1683           
1 46578U 20070AY  26061.16668981  .00153804  00000+0  88663-3 0  9993
2 46578  53.0124 109.2080 0007742 345.4598 257.2192 15.77688833  5947
STARLINK-1746           
1 46588U 20070BJ  26061.16668981  .00067243  00000+0  54003-3 0  9996
2 46588  53.0426 152.2833 0002192 131.1378 149.5311 15.70382427  5979
STARLINK-1775           
1 46681U 20073M   26061.16668981  .00104683  00000+0  69864-3 0  9994
2 46681  53.0438 247.9776 0003799 129.2402  15.9226 15.74560096  5980
STARLINK-1790           
1 46691U 20073X   26061.16668981  .00040503  00000+0  32330-3 0  9993
2 46691  53.0430 235.8630 0006602 139.2489  22.8663 15.70723009  5938
STARLINK-1799           
1 46699U 20073AF  26061.16668981  .00068381  00000+0  48044-3 0  9994
2 46699  53.0442 232.8821 0007926 190.9772 168.4292 15.73507821  5993
STARLINK-1800           
1 46700U 20073AG  26061.16668981  .00116412  00000+0  71148-3 0  9997
2 46700  53.0402 247.0047 0003044 234.3436 180.0401 15.76532653  5971
STARLINK-1801           
1 46701U 20073AH  26061.00002315  .00084023  00000+0  70600-3 0  9998
2 46701  53.0455 236.0246 0008741 175.3066  47.1619 15.69155631  5941
STARLINK-1814           
1 46712U 20073AU  26061.16668981  .00309618  00000+0  10333-2 0  9990
2 46712  53.0376 223.2045 0005470 305.2988 172.9612 15.88866863  6019
STARLINK-1816           
1 46714U 20073AW  26061.00002315  .00088102  00000+0  67993-3 0  9995
2 46714  53.0421 236.8713 0004586 133.9188 165.4919 15.71216783  5792
STARLINK-1820           
1 46717U 20073AZ  26061.16668981  .00267894  00000+0  11749-2 0  9996
2 46717  53.0413 200.4683 0003404 269.9520   6.1228 15.83354102  5859
STARLINK-1894           
1 46744U 20074F   26061.16668981  .00206362  00000+0  11949-2 0  9992
2 46744  53.0448 315.4529 0000224 175.7797 200.8015 15.77460251  5921
STARLINK-1911           
1 46749U 20074L   26061.16668981  .00095662  00000+0  78265-3 0  9991
2 46749  53.0486 315.7023 0002490  61.6946 154.6629 15.69789532  5920
STARLINK-1832           
1 46780U 20074AT  26061.16668981  .00127690  00000+0  88068-3 0  9995
2 46780  53.0445 305.0442 0006238 104.7410  15.5988 15.73693586  5826
STARLINK-1934           
1 46792U 20074BF  26061.16668981  .00172859  00000+0  10906-2 0  9990
2 46792  53.0447 304.2181 0003965  96.5110 157.9805 15.75611186  5930
STARLINK-1843           
1 47133U 20088M   26061.16668981  .00241631  00000+0  11159-2 0  9991
2 47133  53.0445 281.1898 0001086 298.9297   7.9583 15.82328545  5953
STARLINK-1965           
1 47566U 21009U   26061.16668981  .00187214  00000+0  10137-2 0  9996
2 47566  53.0164 320.4000 0010364 115.6080 185.9048 15.78947761  5996
STARLINK-1971           
1 47572U 21009AA  26061.16668981  .00299098  00000+0  12854-2 0  9995
2 47572  53.0415   0.1184 0003178  18.4255 185.6540 15.83702716  6008
STARLINK-1975           
1 47573U 21009AB  26061.16668981  .00156282  00000+0  10245-2 0  9995
2 47573  53.0534 346.6040 0006226  81.7849 184.0318 15.74773054  5849
STARLINK-1645           
1 47622U 21012C   26061.16668981  .00142777  00000+0  81271-3 0  9996
2 47622  53.0423  61.4056 0011296  41.0355  33.0765 15.77961787  5893
STARLINK-1669           
1 47624U 21012E   26061.16668981  .00307084  00000+0  23875-2 0  9997
2 47624  53.0365  29.2683 0008194  50.5804  87.1595 15.70270594  5821
STARLINK-2022           
1 47643U 21012Z   26061.16668981  .00375825  00000+0  12769-2 0  9996
2 47643  53.0134  16.0184 0003748  79.9141 176.7678 15.88357720  5862
STARLINK-2058           
1 47667U 21012AZ  26061.16668981  .00142392  00000+0  80706-3 0  9990
2 47667  53.0404  61.7072 0009938  24.4760 106.4066 15.78079109  5996
STARLINK-2095           
1 47679U 21012BM  26061.16668981  .00214551  00000+0  16821-2 0  9996
2 47679  53.0280  24.5909 0006478  94.9458  84.2487 15.70369795  5882
STARLINK-2116           
1 47724U 21017C   26061.16668981  .00190585  00000+0  10167-2 0  9999
2 47724  53.0407 122.0289 0005049 283.5468 177.7638 15.79324772  5992
STARLINK-2171           
1 47754U 21017AJ  26061.10829705  .00112955  00000+0  96843-3 0  9990
2 47754  53.0442 206.0363 0004931 146.6383 213.4944 15.68569549277152
STARLINK-2488           
1 48145U 21027BF  26061.16668981  .00388586  00000+0  13629-2 0  9994
2 48145  53.0420 146.4180 0001689  51.3093 264.2318 15.87689163  5978
STARLINK-3255           
1 50201U 21125AX  26061.16668981  .00175389  00000+0  10737-2 0  9991
2 50201  53.1979 178.3945 0002150   4.0993 277.9267 15.76301187  5806
STARLINK-3258           
1 50206U 21125BC  26061.16668981  .01211785  00000+0  67800-2 0  9991
2 50206  53.2113 264.8530 0000498  37.6804  17.3478 15.76369806  5801
STARLINK-3603           
1 51816U 22017BA  26061.16668981  .00463574  00000+0  38278-2 0  9991
2 51816  53.2174 346.9841 0000906 115.3326 229.8098 15.68360250  5847
STARLINK-3855           
1 52474U 22049Z   26061.16668981  .01209155  00000+0  61083-2 0  9991
2 52474  53.2162  74.6006 0001189 103.0802 123.6397 15.78688935  5757
STARLINK-4057           
1 53269U 22086AD  26061.16668981  .01287795  00000+0  93833-2 0  9999
2 53269  53.2171 211.2828 0000869  74.7807 104.3449 15.69991559  5847
STARLINK-5024           
1 53901U 22119R   26061.16668981  .00082744  00000+0  33793-3 0  9995
2 53901  53.2015 280.7061 0001314 266.7520  91.3757 15.85433465  5996
STARLINK-11072 [DTC]    
1 58705U 24002A   26060.96180623 -.00000550  00000+0  31411-6 0  9998
2 58705  53.1578 312.1113 0000770 101.6883 258.4221 15.69691441125221
STARLINK-11075 [DTC]    
1 58706U 24002B   26061.09403666  .00005507  00000+0  50258-4 0  9993
2 58706  53.1562 311.5205 0000773  89.8540 270.2567 15.69720688125243
STARLINK-11077 [DTC]    
1 58707U 24002C   26060.97162767 -.00002132  00000+0 -12755-4 0  9997
2 58707  53.1575 312.1601 0000983  80.2349 279.8780 15.69688184125224
STARLINK-11079 [DTC]    
1 58708U 24002D   26061.08424521 -.00001789  00000+0 -99171-5 0  9995
2 58708  53.1593 311.4458 0001208  95.9527 264.1629 15.69697438125242
STARLINK-11076 [DTC]    
1 58709U 24002E   26061.07930556  .00004818  00000+0  44536-4 0  9993
2 58709  53.1589 311.4166 0001051 108.0722 252.0410 15.69745456125241
STARLINK-11078 [DTC]    
1 58710U 24002F   26061.07442442  .00000674  00000+0  10415-4 0  9992
2 58710  53.1575 311.3873 0000766 119.0089 241.1006 15.69705575125240
STARLINK-11087 [DTC]    
1 59421U 24065A   26061.19198249  .00000747  00000+0  11028-4 0  9999
2 59421  53.1577 130.9784 0001496 132.9097 227.2047 15.69722423110337
STARLINK-11090 [DTC]    
1 59422U 24065B   26061.17727445 -.00000405  00000+0  15151-5 0  9998
2 59422  53.1582 130.8831 0000972  79.1128 280.9999 15.69712477110353
STARLINK-11093 [DTC]    
1 59423U 24065C   26061.18217464  .00001125  00000+0  14137-4 0  9996
2 59423  53.1577 130.9145 0000890 101.0171 259.0947 15.69715284110347
STARLINK-11083 [DTC]    
1 59424U 24065D   26061.18709037 -.00001173  00000+0 -48226-5 0  9991
2 59424  53.1599 130.9488 0001588 103.8685 256.2510 15.69705581110295
STARLINK-11085 [DTC]    
1 59425U 24065E   26060.91769653  .00001391  00000+0  16336-4 0  9998
2 59425  53.1587 132.1054 0001066  98.2280 261.8859 15.69705691110251
STARLINK-11089 [DTC]    
1 59426U 24065F   26061.19689232  .00001746  00000+0  19259-4 0  9995
2 59426  53.1580 131.0289 0001037  86.6951 273.4185 15.69715185110347
STARLINK-11107 [DTC]    
1 59708U 24088A   26061.09457686 -.00000031  00000+0  46001-5 0  9991
2 59708  53.1587   3.4046 0000910  99.0784 261.0337 15.69703817105065
STARLINK-11088 [DTC]    
1 59709U 24088B   26061.08485955 -.00010000  00000+0 -77800-4 0  9999
2 59709  53.1570   4.0650 0001504 145.7308 214.3807 15.69701389105073
STARLINK-11092 [DTC]    
1 59710U 24088C   26061.14362450  .00000414  00000+0  82784-5 0  9996
2 59710  53.1575   3.7190 0001316 143.2672 216.8436 15.69707800105083
STARLINK-11082 [DTC]    
1 59711U 24088D   26061.13873350 -.00000732  00000+0 -11817-5 0  9996
2 59711  53.1600   3.6873 0001384  58.7549 301.3605 15.69694356105087
STARLINK-11108 [DTC]    
1 59712U 24088E   26061.13384310 -.00004010  00000+0 -28305-4 0  9992
2 59712  53.1600   3.6541 0001089  72.9466 287.1671 15.69673552105087
STARLINK-11100 [DTC]    
1 59713U 24088F   26061.12892295  .00001330  00000+0  15848-4 0  9996
2 59713  53.1584   3.6224 0001167  88.4700 271.6451 15.69690886105080
STARLINK-11094 [DTC]    
1 59714U 24088G   26061.12400922 -.00006438  00000+0 -48332-4 0  9999
2 59714  53.1586   3.5933 0001315 119.9824 240.1325 15.69703961105081
STARLINK-11101 [DTC]    
1 59715U 24088H   26061.11419795  .00000062  00000+0  53755-5 0  9998
2 59715  53.1578   3.5229 0001138 111.6410 248.4729 15.69701256105088
STARLINK-11099 [DTC]    
1 59716U 24088J   26061.11910919 -.00002072  00000+0 -12260-4 0  9993
2 59716  53.1580   3.5570 0000479  16.9835 343.1199 15.69698083105083
STARLINK-11084 [DTC]    
1 59717U 24088K   26061.10928589 -.00003592  00000+0 -24805-4 0  9991
2 59717  53.1589   3.4894 0001435  79.5585 280.5595 15.69706105105080
STARLINK-11103 [DTC]    
1 59718U 24088L   26061.10438743  .00005354  00000+0  49077-4 0  9994
2 59718  53.1596   3.4563 0001242 106.3808 253.7347 15.69683380105081
STARLINK-11096 [DTC]    
1 59719U 24088M   26061.02609588  .00002511  00000+0  25573-4 0  9990
2 59719  53.1587   4.4080 0001231 109.9223 250.1928 15.69718442105067
STARLINK-11095 [DTC]    
1 59720U 24088N   26061.09949470 -.00001240  00000+0 -53896-5 0  9996
2 59720  53.1589   3.4223 0001123  84.3241 275.7905 15.69679800105089
STARLINK-11118 [DTC]    
1 59754U 24091B   26060.76162202  .00010949  00000+0  95157-4 0  9999
2 59754  53.1581 245.6738 0000402 128.7297 231.3757 15.69695556104260
STARLINK-11132 [DTC]    
1 59755U 24091C   26060.81548031 -.00000702  00000+0 -94088-6 0  9996
2 59755  53.1570 245.2978 0000918 101.4696 258.6425 15.69706533104277
STARLINK-11131 [DTC]    
1 59756U 24091D   26060.93790520 -.00002667  00000+0 -17140-4 0  9996
2 59756  53.1582 244.6382 0001689 143.0690 217.0445 15.69725069104293
STARLINK-11114 [DTC]    
1 59757U 24091E   26060.93300245 -.00000995  00000+0 -33473-5 0  9998
2 59757  53.1585 244.6263 0001588 130.1174 229.9983 15.69720450104295
STARLINK-11105 [DTC]    
1 59758U 24091F   26060.92809657  .00002796  00000+0  27922-4 0  9999
2 59758  53.1596 244.5905 0001054  96.1535 263.9603 15.69713772104296
STARLINK-11097 [DTC]    
1 59759U 24091G   26060.73220134 -.00002566  00000+0 -16343-4 0  9998
2 59759  53.1603 245.4811 0001067  80.6539 279.4600 15.69688120104262
STARLINK-11098 [DTC]    
1 59760U 24091H   26060.79096021 -.00000699  00000+0 -91223-6 0  9999
2 59760  53.1608 245.1348 0000978 103.8552 256.2575 15.69705924104271
STARLINK-11117 [DTC]    
1 59761U 24091J   26060.78604973  .00006173  00000+0  55778-4 0  9994
2 59761  53.1565 245.1043 0001347  64.0976 296.0181 15.69709115104276
STARLINK-11110 [DTC]    
1 59762U 24091K   26060.78114422  .00000560  00000+0  94858-5 0  9997
2 59762  53.1594 245.0674 0001126  83.6944 276.4203 15.69696408104272
STARLINK-11104 [DTC]    
1 59763U 24091L   26060.90357271  .00003599  00000+0  34568-4 0  9999
2 59763  53.1600 244.4072 0001237  85.3106 274.8054 15.69697903104297
STARLINK-11111 [DTC]    
1 59764U 24091M   26060.89375282  .00001667  00000+0  18610-4 0  9994
2 59764  53.1595 244.3410 0000944  98.2209 261.8915 15.69718779104294
STARLINK-11106 [DTC]    
1 59765U 24091N   26060.89866622 -.00000267  00000+0  26587-5 0  9997
2 59765  53.1593 244.3702 0001154 137.7825 222.3282 15.69706283104290
STARLINK-11145 [DTC]    
1 59945U 24107A   26060.87059402 -.00001169  00000+0 -48012-5 0  9993
2 59945  53.1576 290.1194 0000612  62.6048 297.5032 15.69714477100912
STARLINK-11113 [DTC]    
1 59947U 24107C   26061.00272802  .00000071  00000+0  54438-5 0  9990
2 59947  53.1576 288.7752 0001239 145.0429 215.0670 15.69713696100940
STARLINK-11123 [DTC]    
1 59948U 24107D   26060.92444936  .00002814  00000+0  28076-4 0  9995
2 59948  53.1589 289.7407 0000781  87.6142 272.4966 15.69705870100981
STARLINK-11138 [DTC]    
1 59949U 24107E   26061.03218619  .00002499  00000+0  25517-4 0  9992
2 59949  53.1580 288.9779 0001310  88.4086 271.7082 15.69676489101009
STARLINK-11130 [DTC]    
1 59950U 24107F   26061.04688508  .00001605  00000+0  18109-4 0  9990
2 59950  53.1589 289.0792 0001011  79.2627 280.8504 15.69702820100945
STARLINK-11124 [DTC]    
1 59952U 24107H   26061.03707326  .00003821  00000+0  36393-4 0  9998
2 59952  53.1582 289.0142 0000634 155.2237 204.8812 15.69697818101018
STARLINK-11133 [DTC]    
1 59954U 24107K   26060.89501743 -.00000233  00000+0  29294-5 0  9996
2 59954  53.1579 289.5433 0000769  99.2144 260.8961 15.69709282100922
STARLINK-11144 [DTC]    
1 59955U 24107L   26060.89011068  .00001570  00000+0  17809-4 0  9995
2 59955  53.1586 289.5161 0000578  92.9603 267.1481 15.69704636100988
STARLINK-11134 [DTC]    
1 59956U 24107M   26061.01254578  .00000945  00000+0  12653-4 0  9993
2 59956  53.1588 288.8497 0000745  48.9964 311.1118 15.69702329100874
STARLINK-11142 [DTC]    
1 59957U 24107N   26061.00763854  .00001001  00000+0  13120-4 0  9999
2 59957  53.1583 288.8185 0000884 120.1870 239.9235 15.69708762100950
STARLINK-11129 [DTC]    
1 60038U 24112A   26061.09466114  .00000891  00000+0  12210-4 0  9990
2 60038  53.1578 304.0381 0000759  92.0069 268.1035 15.69710610 99788
STARLINK-11140 [DTC]    
1 60039U 24112B   26061.08974854  .00003560  00000+0  34222-4 0  9998
2 60039  53.1579 304.0048 0001121  92.6361 267.4785 15.69714230 99781
STARLINK-11122 [DTC]    
1 60040U 24112C   26060.95751286 -.00000244  00000+0  28390-5 0  9994
2 60040  53.1567 304.6007 0000896  57.2624 302.8480 15.69704920 99767
STARLINK-11149 [DTC]    
1 60041U 24112D   26060.95260804  .00001373  00000+0  16189-4 0  9991
2 60041  53.1574 304.5669 0000799 116.0806 244.0294 15.69706078 99763
STARLINK-11120 [DTC]    
1 60042U 24112E   26061.07504769 -.00001012  00000+0 -35024-5 0  9999
2 60042  53.1581 303.9070 0000902  99.7607 260.3513 15.69702792 99789
STARLINK-11086 [DTC]    
1 60043U 24112F   26061.07013308  .00000606  00000+0  98552-5 0  9995
2 60043  53.1586 303.8766 0000743  92.9325 267.1778 15.69706127 99785
STARLINK-11148 [DTC]    
1 60044U 24112G   26061.06523759 -.00000877  00000+0 -23876-5 0  9990
2 60044  53.1584 303.8418 0000924  80.2511 279.8611 15.69697694 99780
STARLINK-11116 [DTC]    
1 60045U 24112H   26060.93298931 -.00004277  00000+0 -30475-4 0  9997
2 60045  53.1575 304.4426 0001368  37.9828 322.1286 15.69694869 99769
STARLINK-11155 [DTC]    
1 60046U 24112J   26061.05541932  .00000283  00000+0  71930-5 0  9997
2 60046  53.1583 303.7768 0000908 120.2655 239.8453 15.69710192 99783
STARLINK-11163 [DTC]    
1 60047U 24112K   26061.05051578 -.00000742  00000+0 -12733-5 0  9998
2 60047  53.1584 303.7453 0000850 122.5787 237.5313 15.69711193 99785
STARLINK-11135 [DTC]    
1 60048U 24112L   26060.90845611  .00000893  00000+0  12225-4 0  9991
2 60048  53.1581 304.2898 0000746 117.6900 242.4193 15.69708776 99760
STARLINK-11151 [DTC]    
1 60049U 24112M   26061.04561166  .00000980  00000+0  12953-4 0  9993
2 60049  53.1587 303.7104 0001064 115.6492 244.4635 15.69701014 99782
STARLINK-11137 [DTC]    
1 60050U 24112N   26060.97704222 -.00001350  00000+0 -62914-5 0  9995
2 60050  53.1589 303.9928 0001035  67.9760 292.1368 15.69698179 99776
STARLINK-11181 [DTC]    
1 60059U 24113A   26060.88525257  .00003684  00000+0  35253-4 0  9999
2 60059  53.1599 229.8148 0001054  73.4915 286.6219 15.69708128 98331
STARLINK-11176 [DTC]    
1 60060U 24113B   26060.75300181  .00001062  00000+0  13617-4 0  9992
2 60060  53.1574 230.4113 0000918  97.4206 262.6917 15.69709036 98319
STARLINK-11167 [DTC]    
1 60061U 24113C   26060.74810038 -.00001169  00000+0 -48009-5 0  9993
2 60061  53.1587 230.3796 0000642  48.5505 311.5568 15.69711916 98612
STARLINK-11166 [DTC]    
1 60062U 24113D   26060.87053107  .00034474  00000+0  28796-3 0  9996
2 60062  53.1566 229.7200 0000262 140.6641 219.4396 15.69732151 98333
STARLINK-11165 [DTC]    
1 60063U 24113E   26060.73829288 -.00000775  00000+0 -15443-5 0  9999
2 60063  53.1589 230.3162 0000913  65.0282 295.0831 15.69702416 98311
STARLINK-11169 [DTC]    
1 60064U 24113F   26060.86072169  .00000762  00000+0  11141-4 0  9996
2 60064  53.1593 229.6506 0000738 131.9290 228.1791 15.69707581 98339
STARLINK-11102 [DTC]    
1 60065U 24113G   26060.85580956  .00001365  00000+0  16117-4 0  9992
2 60065  53.1617 229.6198 0000767  78.6869 281.4235 15.69716051 98332
STARLINK-11141 [DTC]    
1 60066U 24113H   26061.16926493 -.00001448  00000+0 -71113-5 0  9990
2 60066  53.1593 228.0169 0000514  79.4211 280.6864 15.69700309 98380
STARLINK-11153 [DTC]    
1 60067U 24113J   26061.16445917  .00002510  00000+0  25575-4 0  9997
2 60067  53.1582 228.7198 0000844  79.3451 280.7662 15.69703455 98370
STARLINK-11170 [DTC]    
1 60068U 24113K   26061.15954661 -.00006640  00000+0 -49897-4 0  9991
2 60068  53.1578 228.6843 0002365  71.7045 288.4230 15.69743823 98376
STARLINK-11171 [DTC]    
1 60069U 24113L   26060.77262769 -.00000287  00000+0  24943-5 0  9996
2 60069  53.1597 230.5403 0001180  20.7212 339.3854 15.69709197 98314
STARLINK-11186 [DTC]    
1 60070U 24113M   26060.76772584  .00000659  00000+0  10294-4 0  9993
2 60070  53.1589 230.5043 0000695 106.6105 253.4990 15.69700571 98721
STARLINK-11184 [DTC]    
1 60071U 24113N   26060.89015494  .00001805  00000+0  19755-4 0  9993
2 60071  53.1594 229.8806 0001144  69.8201 290.2940 15.69709146 98331
STARLINK-11201 [DTC]    
1 60113U 24118A   26060.82407120  .00009603  00000+0  84242-4 0  9996
2 60113  53.1587 260.3498 0001194 111.9051 248.2094 15.69647341 96759
STARLINK-11198 [DTC]    
1 60114U 24118B   26060.81916335 -.00000043  00000+0  45059-5 0  9993
2 60114  53.1577 260.3206 0001164  74.7152 285.3994 15.69700819 96752
STARLINK-11112 [DTC]    
1 60115U 24118C   26060.94159104 -.00000294  00000+0  24283-5 0  9995
2 60115  53.1583 259.6547 0001128 104.3419 255.7724 15.69711834 96778
STARLINK-11210 [DTC]    
1 60116U 24118D   26060.80934771  .00004332  00000+0  40601-4 0  9999
2 60116  53.1567 260.2531 0000922  63.6036 296.5077 15.69706762 96751
STARLINK-11203 [DTC]    
1 60117U 24118E   26060.80443782  .00012043  00000+0  10416-3 0  9995
2 60117  53.1570 260.2202 0001957 149.8101 210.3030 15.69700627 96757
STARLINK-11177 [DTC]    
1 60118U 24118F   26060.92687233  .00000255  00000+0  69602-5 0  9995
2 60118  53.1580 259.5613 0000733 118.7492 241.3600 15.69713637 96779
STARLINK-11127 [DTC]    
1 60119U 24118G   26060.79464088 -.00001506  00000+0 -75832-5 0  9996
2 60119  53.1580 260.1521 0001209 126.0996 234.0134 15.69690187 96759
STARLINK-11164 [DTC]    
1 60120U 24118H   26060.85339840  .00000095  00000+0  56456-5 0  9993
2 60120  53.1585 259.8074 0001011  83.1129 277.0004 15.69708410 96769
STARLINK-11119 [DTC]    
1 60121U 24118J   26060.83867397  .00002127  00000+0  22396-4 0  9998
2 60121  53.1569 259.7107 0000884  88.4381 271.6738 15.69722442 96768
STARLINK-11157 [DTC]    
1 60122U 24118K   26060.90724962  .00065505  00000+0  54089-3 0  9999
2 60122  53.1560 259.4290 0000680  56.8379 303.2704 15.69727343 96771
STARLINK-11162 [DTC]    
1 60123U 24118L   26060.83377134  .00001349  00000+0  15991-4 0  9993
2 60123  53.1566 259.6758 0000883  78.6429 281.4688 15.69709527 96763
STARLINK-11161 [DTC]    
1 60124U 24118M   26060.82897100 -.00000981  00000+0 -32456-5 0  9992
2 60124  53.1584 260.3782 0000884  80.8378 279.2740 15.69706347 96759
STARLINK-11160 [DTC]    
1 60125U 24118N   26060.84847931  .00001748  00000+0  19273-4 0  9993
2 60125  53.1585 259.7738 0000926  89.3227 270.7897 15.69721514 96761
STARLINK-31867          
1 60139U 24120E   26061.16668981  .00334307  00000+0  14686-2 0  9994
2 60139  53.1425 341.1174 0012409 159.3854 273.5595 15.83056965  5462
STARLINK-11168 [DTC]    
1 60183U 24124A   26061.10318093 -.00001752  00000+0 -96132-5 0  9993
2 60183  53.1581 198.5741 0001069  98.0396 262.0743 15.69697890 96536
STARLINK-11187 [DTC]    
1 60184U 24124B   26061.09826394 -.00005055  00000+0 -36889-4 0  9992
2 60184  53.1581 198.5423 0000912  84.7524 275.3598 15.69713495 95348
STARLINK-11180 [DTC]    
1 60185U 24124C   26060.64768568 -.00001189  00000+0 -49448-5 0  9991
2 60185  53.1606 200.7070 0002347 105.6087 254.5190 15.69693640 95270
STARLINK-11197 [DTC]    
1 60186U 24124D   26060.64277093 -.00000201  00000+0  31977-5 0  9991
2 60186  53.1607 200.6738 0000802  78.0522 282.0586 15.69707975 95275
STARLINK-11194 [DTC]    
1 60187U 24124E   26060.63786611  .00001679  00000+0  18721-4 0  9992
2 60187  53.1577 200.6391 0001200  77.3662 282.7491 15.69704412 95272
STARLINK-11189 [DTC]    
1 60188U 24124F   26061.07874692 -.00003703  00000+0 -25719-4 0  9996
2 60188  53.1612 199.1470 0000659  74.9051 285.2040 15.69716819 95334
STARLINK-11183 [DTC]    
1 60189U 24124G   26060.69182802  .00014348  00000+0  12300-3 0  9995
2 60189  53.1582 200.9964 0002412  26.8730 333.2413 15.69725723 95274
STARLINK-11179 [DTC]    
1 60190U 24124H   26060.68691904 -.00000384  00000+0  16954-5 0  9991
2 60190  53.1593 200.9641 0001478  93.0133 267.1054 15.69713611 95273
STARLINK-11175 [DTC]    
1 60191U 24124J   26060.68202019  .00000869  00000+0  12036-4 0  9990
2 60191  53.1599 200.9305 0001206  91.7261 268.3895 15.69695130 95274
STARLINK-11173 [DTC]    
1 60192U 24124K   26060.80444537  .00006394  00000+0  57569-4 0  9997
2 60192  53.1573 200.2677 0000979 139.5904 220.5187 15.69719825 95297
STARLINK-11172 [DTC]    
1 60193U 24124L   26060.60853368 -.00013123  00000+0 -10373-3 0  9993
2 60193  53.1578 201.1781 0000998  40.0640 320.0452 15.69686995 95262
STARLINK-11152 [DTC]    
1 60194U 24124M   26060.79463242  .00009685  00000+0  84645-4 0  9992
2 60194  53.1570 200.2023 0000888 109.9677 250.1436 15.69727426 96482
STARLINK-11193 [DTC]    
1 60195U 24124N   26060.66239232  .00025356  00000+0  21357-3 0  9992
2 60195  53.1575 200.7997 0001146  41.8019 318.3086 15.69701778 95271
STARLINK-11147 [DTC]    
1 60301U 24133A   26061.06525651 -.00000022  00000+0  46706-5 0  9990
2 60301  53.1589 184.0266 0000661  98.0823 262.0270 15.69702061 92538
STARLINK-11128 [DTC]    
1 60302U 24133B   26061.06035247  .00054794  00000+0  45406-3 0  9996
2 60302  53.1579 183.9956 0001917  84.1628 275.9609 15.69713541 92530
STARLINK-11227 [DTC]    
1 60303U 24133C   26061.05545270  .00009172  00000+0  80440-4 0  9996
2 60303  53.1589 183.9622 0001556  70.8122 289.3064 15.69722763 92611
STARLINK-11224 [DTC]    
1 60304U 24133D   26061.05054359 -.00001209  00000+0 -51214-5 0  9993
2 60304  53.1600 183.9280 0001098  80.7388 279.3754 15.69703182 92610
STARLINK-11115 [DTC]    
1 60305U 24133E   26060.72728541  .00023323  00000+0  19649-3 0  9991
2 60305  53.1583 185.4664 0000688 109.8828 250.2265 15.69751882 92480
STARLINK-11109 [DTC]    
1 60306U 24133F   26061.04072912  .00000133  00000+0  59514-5 0  9993
2 60306  53.1588 183.8609 0000917  62.3855 297.7256 15.69704277 92533
STARLINK-11223 [DTC]    
1 60307U 24133G   26060.58523586 -.00002012  00000+0 -11762-4 0  9992
2 60307  53.1584 185.9967 0000873  41.9703 318.1382 15.69705248 92465
STARLINK-11192 [DTC]    
1 60308U 24133H   26060.59013755  .00000360  00000+0  78245-5 0  9998
2 60308  53.1604 186.0249 0000838 113.8469 246.2637 15.69701948 92460
STARLINK-11213 [DTC]    
1 60309U 24133J   26060.64399291 -.00000880  00000+0 -24139-5 0  9999
2 60309  53.1592 185.6490 0000728  38.0518 322.0551 15.69701111 92472
STARLINK-11200 [DTC]    
1 60310U 24133K   26060.76642792  .00004815  00000+0  44545-4 0  9993
2 60310  53.1585 184.9872 0001112  49.5746 310.5369 15.69726752 92499
STARLINK-11206 [DTC]    
1 60312U 24133M   26060.56570961  .00046707  00000+0  38853-3 0  9991
2 60312  53.1574 186.5973 0001341  43.6439 316.4685 15.69689513 92452
STARLINK-11205 [DTC]    
1 60313U 24133N   26060.62446984 -.00003840  00000+0 -26842-4 0  9995
2 60313  53.1594 186.2500 0001020  98.3555 261.7578 15.69720722 92460
STARLINK-11228 [DTC]    
1 60398U 24141A   26061.18276961  .00006951  00000+0  62274-4 0  9998
2 60398  53.1582 123.2847 0001226  98.6263 261.4894 15.69675318 90514
STARLINK-11182 [DTC]    
1 60399U 24141B   26061.16805522  .00003606  00000+0  34593-4 0  9995
2 60399  53.1593 123.1953 0001572  63.0584 297.0594 15.69725823 90564
STARLINK-11234 [DTC]    
1 60400U 24141C   26061.16314773  .00002483  00000+0  25338-4 0  9990
2 60400  53.1569 123.1539 0001017 109.5374 250.5754 15.69719386 90511
STARLINK-11232 [DTC]    
1 60401U 24141D   26061.15824653 -.00000041  00000+0  45184-5 0  9994
2 60401  53.1576 123.1204 0000750 139.8988 220.2085 15.69708955 90565
STARLINK-11139 [DTC]    
1 60402U 24141E   26061.15333875 -.00000175  00000+0  34178-5 0  9995
2 60402  53.1587 123.0923 0001322 105.4871 254.6293 15.69718381 90567
STARLINK-11158 [DTC]    
1 60403U 24141F   26061.14853115 -.00004451  00000+0 -31867-4 0  9992
2 60403  53.1579 123.7890 0001079  90.1059 270.0082 15.69732649 90501
STARLINK-11199 [DTC]    
1 60404U 24141G   26061.14363493  .00000936  00000+0  12589-4 0  9990
2 60404  53.1587 123.7582 0001016  76.4859 283.6272 15.69700034 90554
STARLINK-11081 [DTC]    
1 60405U 24141H   26061.13872837  .00000751  00000+0  11057-4 0  9991
2 60405  53.1584 123.7235 0000927  89.2772 270.8352 15.69701243 90508
STARLINK-11150 [DTC]    
1 60406U 24141J   26060.87914797  .00003212  00000+0  31368-4 0  9996
2 60406  53.1590 124.9463 0001405  77.7390 282.3785 15.69704730 90515
STARLINK-11136 [DTC]    
1 60407U 24141K   26061.19257987  .00001517  00000+0  17377-4 0  9994
2 60407  53.1590 123.3427 0001308  97.5673 262.5494 15.69713842 90516
STARLINK-11196 [DTC]    
1 60408U 24141L   26061.18767544  .00003098  00000+0  30431-4 0  9991
2 60408  53.1586 123.3129 0000899  74.5848 285.5269 15.69697701 90569
STARLINK-11174 [DTC]    
1 60409U 24141M   26061.17786431  .00003869  00000+0  36767-4 0  9991
2 60409  53.1579 123.2485 0001171  81.2528 278.8622 15.69718450 90518
STARLINK-11191 [DTC]    
1 60410U 24141N   26061.17296647  .00002390  00000+0  24601-4 0  9990
2 60410  53.1587 123.2155 0001307  65.0751 295.0402 15.69693074 90568
STARLINK-11247 [DTC]    
1 60720U 24152A   26060.55837047  .00003402  00000+0  32935-4 0  9996
2 60720  53.1585 156.6619 0001407  52.4882 307.6264 15.69705752 87559
STARLINK-11259 [DTC]    
1 60721U 24152B   26060.55346996  .00002130  00000+0  22452-4 0  9995
2 60721  53.1595 156.6283 0000930  81.5714 278.5409 15.69686061 87553
STARLINK-11188 [DTC]    
1 60722U 24152C   26060.67589821  .00003580  00000+0  34410-4 0  9992
2 60722  53.1584 155.9647 0000997 102.8130 257.3000 15.69696978 87695
STARLINK-11272 [DTC]    
1 60723U 24152D   26060.53876349 -.00003107  00000+0 -20829-4 0  9998
2 60723  53.1606 156.5298 0001098  63.2350 296.8780 15.69674039 87559
STARLINK-11261 [DTC]    
1 60724U 24152E   26060.98933123 -.00000857  00000+0 -22193-5 0  9998
2 60724  53.1583 154.3643 0000977  91.4637 268.6492 15.69712047 87627
STARLINK-11263 [DTC]    
1 60725U 24152F   26060.53383867  .00002375  00000+0  24460-4 0  9997
2 60725  53.1589 156.4947 0000966  90.5554 269.5575 15.69700485 87557
STARLINK-11235 [DTC]    
1 60726U 24152G   26060.97461751  .00002630  00000+0  26561-4 0  9993
2 60726  53.1584 154.2681 0001111  65.2610 294.8523 15.69711490 87753
STARLINK-11080 [DTC]    
1 60727U 24152H   26060.65136415  .00002346  00000+0  24218-4 0  9996
2 60727  53.1591 155.8035 0000948  77.9789 282.1336 15.69709094 87700
STARLINK-11249 [DTC]    
1 60728U 24152J   26060.96480697  .00000190  00000+0  64208-5 0  9994
2 60728  53.1602 154.2021 0000857  66.8979 293.2129 15.69710913 87625
STARLINK-11146 [DTC]    
1 60729U 24152K   26060.95989626  .00001351  00000+0  16006-4 0  9992
2 60729  53.1593 154.1568 0001347  44.6379 315.4747 15.69714252 87750
STARLINK-11255 [DTC]    
1 60730U 24152L   26060.50931418  .00001011  00000+0  13204-4 0  9991
2 60730  53.1599 156.3298 0001117  93.9330 266.1816 15.69701687 87567
STARLINK-11254 [DTC]    
1 60731U 24152M   26060.50440428  .00002801  00000+0  27976-4 0  9997
2 60731  53.1608 156.3011 0001527 114.9491 245.1686 15.69708050 87562
STARLINK-11266 [DTC]    
1 60732U 24152N   26060.49949918  .00001461  00000+0  16918-4 0  9999
2 60732  53.1584 156.2550 0001095  79.6505 280.4636 15.69700058 87552
STARLINK-32272          
1 60735U 24152R   26061.16668981  .00967817  00000+0  66530-2 0  9994
2 60735  53.1443 294.9854 0014570 209.7961 244.1112 15.71650271  5909
STARLINK-11242 [DTC]    
1 60903U 24154A   26060.57666057  .00001735  00000+0  19184-4 0  9992
2 60903  53.1597 171.0034 0000734  93.4004 266.7098 15.69688049 87245
STARLINK-11256 [DTC]    
1 60904U 24154B   26060.69908445  .00001210  00000+0  14843-4 0  9991
2 60904  53.1602 170.3452 0001087  71.6024 288.5112 15.69704646 87264
STARLINK-11159 [DTC]    
1 60905U 24154C   26061.00772428  .00000807  00000+0  11515-4 0  9992
2 60905  53.1590 169.4431 0000816  71.6093 288.5013 15.69710835 87304
STARLINK-11264 [DTC]    
1 60906U 24154D   26061.13015703  .00003648  00000+0  34944-4 0  9990
2 60906  53.1584 168.7864 0001394  97.4920 262.6256 15.69722094 87321
STARLINK-11226 [DTC]    
1 60907U 24154E   26060.99790936  .00001667  00000+0  18607-4 0  9999
2 60907  53.1602 169.3740 0000878  70.9780 289.1333 15.69714548 87302
STARLINK-11229 [DTC]    
1 60908U 24154F   26060.61096854  .00003754  00000+0  35797-4 0  9995
2 60908  53.1590 171.2298 0000441  38.1958 321.9092 15.69727940 87248
STARLINK-11265 [DTC]    
1 60909U 24154G   26060.69428156  .00000345  00000+0  76999-5 0  9991
2 60909  53.1592 171.0449 0000718  96.3424 263.7676 15.69709522 87256
STARLINK-11250 [DTC]    
1 60910U 24154H   26060.79708892  .00001880  00000+0  20375-4 0  9993
2 60910  53.1597 170.2549 0000973  69.4942 290.6180 15.69707625 87277
STARLINK-11190 [DTC]    
1 60911U 24154J   26060.60118861 -.00001083  00000+0 -40845-5 0  9997
2 60911  53.1594 171.1642 0000940  92.5585 267.5541 15.69695245 87237
STARLINK-11225 [DTC]    
1 60912U 24154K   26060.72361212  .00002803  00000+0  27992-4 0  9997
2 60912  53.1600 170.5033 0001095 101.3882 258.7259 15.69705335 87256
STARLINK-11273 [DTC]    
1 60913U 24154L   26060.59138176  .00001051  00000+0  13541-4 0  9993
2 60913  53.1598 171.0972 0001418  97.9550 262.1629 15.69692492 87239
STARLINK-11271 [DTC]    
1 60915U 24154N   26061.02724374 -.00000206  00000+0  31519-5 0  9993
2 60915  53.1594 168.8327 0000658 115.1404 244.9682 15.69707701 87306
STARLINK-11239 [DTC]    
1 60924U 24155A   26061.15222399 -.00002241  00000+0 -13654-4 0  9999
2 60924  53.1591  18.7702 0001241 103.6335 256.4821 15.69693032 87211
STARLINK-11245 [DTC]    
1 60925U 24155B   26061.13749463  .00001056  00000+0  13579-4 0  9991
2 60925  53.1589  18.6717 0001181  93.5261 266.5892 15.69706155 87213
STARLINK-11244 [DTC]    
1 60926U 24155C   26061.12769585 -.00000970  00000+0 -31419-5 0  9998
2 60926  53.1602  18.6115 0001631  57.9277 302.1899 15.69702846 87265
STARLINK-11243 [DTC]    
1 60927U 24155D   26061.13259726  .00000716  00000+0  10770-4 0  9993
2 60927  53.1610  18.6395 0000878  53.8964 306.2135 15.69699361 87215
STARLINK-11238 [DTC]    
1 60928U 24155E   26061.12277665 -.00001000  00000+0 -33977-5 0  9999
2 60928  53.1583  18.5745 0001059 104.2688 255.8447 15.69714385 87263
STARLINK-11240 [DTC]    
1 60929U 24155F   26061.11788432 -.00002530  00000+0 -16044-4 0  9992
2 60929  53.1584  18.5419 0001173  59.6089 300.5045 15.69693081 87214
STARLINK-11251 [DTC]    
1 60930U 24155G   26061.11296648  .00001067  00000+0  13670-4 0  9991
2 60930  53.1593  18.5092 0001287 103.0099 257.1062 15.69702787 87214
STARLINK-11204 [DTC]    
1 60931U 24155H   26061.17173877  .00002576  00000+0  26136-4 0  9993
2 60931  53.1596  18.1624 0000777  87.2662 272.8444 15.69680446 87223
STARLINK-11246 [DTC]    
1 60932U 24155J   26061.16683563 -.00001457  00000+0 -71786-5 0  9992
2 60932  53.1577  18.1306 0000977  62.7412 297.3706 15.69695066 87220
STARLINK-11207 [DTC]    
1 60933U 24155K   26061.16192405 -.00004796  00000+0 -34769-4 0  9991
2 60933  53.1592  18.0963 0001146  79.4907 280.6240 15.69698438 87223
STARLINK-11237 [DTC]    
1 60934U 24155L   26061.15701616 -.00007803  00000+0 -59575-4 0  9995
2 60934  53.1595  18.0641 0001175  72.5833 287.5313 15.69720864 87231
STARLINK-11253 [DTC]    
1 60935U 24155M   26061.14730583  .00001729  00000+0  19128-4 0  9999
2 60935  53.1611  18.7336 0001166  82.0211 278.0940 15.69707395 87218
STARLINK-11241 [DTC]    
1 60936U 24155N   26061.14240500 -.00001686  00000+0 -90695-5 0  9998
2 60936  53.1596  18.6995 0000801  79.1444 280.9664 15.69699251 87217
STARLINK-11289 [DTC]    
1 60991U 24158B   26061.08846537 -.00001932  00000+0 -11099-4 0  9991
2 60991  53.1570 318.5245 0000775  94.0013 266.1094 15.69703912 86401
STARLINK-11282 [DTC]    
1 60992U 24158C   26061.10318490  .00000342  00000+0  76761-5 0  9997
2 60992  53.1582 318.6255 0000799  89.0617 271.0492 15.69702164 86402
STARLINK-11283 [DTC]    
1 60993U 24158D   26061.13752351  .00000598  00000+0  97974-5 0  9991
2 60993  53.1577 318.8478 0000814  84.8882 275.2229 15.69696841 86409
STARLINK-11267 [DTC]    
1 60994U 24158E   26061.13262036  .00000053  00000+0  52925-5 0  9991
2 60994  53.1581 318.8204 0000714 111.0018 249.1076 15.69704201 86405
STARLINK-11269 [DTC]    
1 60995U 24158F   26061.12770461  .00001295  00000+0  15543-4 0  9990
2 60995  53.1589 318.7814 0001121 117.8763 242.2368 15.69710023 86399
STARLINK-11281 [DTC]    
1 60996U 24158G   26060.99547304 -.00001658  00000+0 -88332-5 0  9995
2 60996  53.1579 319.3760 0000845  65.7205 294.3901 15.69700077 86377
STARLINK-11260 [DTC]    
1 60997U 24158H   26061.05609569  .00000872  00000+0  12060-4 0  9995
2 60997  53.1590 296.7311 0001235  92.1753 267.9406 15.69701239 86756
STARLINK-11287 [DTC]    
1 60998U 24158J   26061.11790835 -.00000204  00000+0  31740-5 0  9997
2 60998  53.1573 318.7152 0000975  76.4642 283.6485 15.69684504 86395
STARLINK-11270 [DTC]    
1 60999U 24158K   26061.17665902  .00185416  00000+0  14987-2 0  9999
2 60999  53.1572 318.3698 0000915 111.3781 248.7335 15.69752887 86401
STARLINK-11290 [DTC]    
1 61000U 24158L   26061.10808992  .00000585  00000+0  96884-5 0  9996
2 61000  53.1592 318.6531 0000963  86.1259 273.9869 15.69703770 86463
STARLINK-11274 [DTC]    
1 61001U 24158M   26060.97093500  .00000157  00000+0  61483-5 0  9994
2 61001  53.1586 319.2106 0000715 109.8958 250.2137 15.69707716 86376
STARLINK-11288 [DTC]    
1 61002U 24158N   26061.09337288  .00000253  00000+0  69475-5 0  9999
2 61002  53.1577 318.5544 0000869 103.2559 256.8555 15.69706033 86399
STARLINK-11286 [DTC]    
1 61050U 24164A   26061.08116406 -.00002154  00000+0 -12944-4 0  9997
2 61050  53.1588 348.7941 0000755 109.6110 250.4990 15.69691877 84229
STARLINK-11252 [DTC]    
1 61051U 24164B   26061.07625855 -.00002226  00000+0 -13542-4 0  9995
2 61051  53.1580 348.7625 0000610  66.3716 293.7365 15.69690476 84222
STARLINK-11230 [DTC]    
1 61053U 24164D   26061.06643190 -.00003334  00000+0 -22672-4 0  9993
2 61053  53.1584 348.6972 0001466  83.2365 276.8820 15.69700707 84227
STARLINK-11294 [DTC]    
1 61054U 24164E   26061.06153675  .00000519  00000+0  91503-5 0  9998
2 61054  53.1585 348.6644 0001455  75.5757 284.5423 15.69691935 84229
STARLINK-11268 [DTC]    
1 61055U 24164F   26061.05662444  .00004878  00000+0  45124-4 0  9996
2 61055  53.1602 348.6310 0001303  90.7539 269.3628 15.69694680 84227
STARLINK-11156 [DTC]    
1 61056U 24164G   26061.05172140 -.00001615  00000+0 -84864-5 0  9999
2 61056  53.1585 348.5989 0000752  59.8568 300.2524 15.69702270 84229
STARLINK-11231 [DTC]    
1 61057U 24164H   26061.17425054 -.00001057  00000+0 -38689-5 0  9992
2 61057  53.1570 348.6742 0000886 131.1783 228.9311 15.69705832 84231
STARLINK-11299 [DTC]    
1 61058U 24164J   26061.16935014 -.00000902  00000+0 -25959-5 0  9998
2 61058  53.1574 348.6378 0000621 102.1312 257.9775 15.69700617 84236
STARLINK-11154 [DTC]    
1 61059U 24164K   26061.16444718  .00000531  00000+0  92368-5 0  9999
2 61059  53.1579 348.6075 0000614 103.7976 256.3110 15.69691648 84230
STARLINK-11297 [DTC]    
1 61060U 24164L   26061.15953936 -.00000829  00000+0 -19887-5 0  9994
2 61060  53.1583 348.5720 0000806 101.3126 258.7983 15.69704671 84232
STARLINK-11233 [DTC]    
1 61061U 24164M   26061.15464465  .00000616  00000+0  99499-5 0  9998
2 61061  53.1604 348.5411 0001116  85.1794 274.9351 15.69687241 84231
STARLINK-11236 [DTC]    
1 61062U 24164N   26061.08605594  .00002348  00000+0  24227-4 0  9991
2 61062  53.1591 348.8212 0000861  85.3303 274.7813 15.69712008 84223
STARLINK-11209 [DTC]    
1 61200U 24171A   26060.84241222  .00001161  00000+0  14440-4 0  9998
2 61200  53.1586 215.1408 0000556  85.7427 274.3654 15.69704516 84073
STARLINK-11257 [DTC]    
1 61201U 24171B   26060.71017396 -.00002504  00000+0 -15822-4 0  9997
2 61201  53.1575 215.7317 0001136 122.8810 237.2317 15.69700974 83146
STARLINK-11309 [DTC]    
1 61202U 24171C   26061.15094681 -.00000415  00000+0  14291-5 0  9997
2 61202  53.1590 213.5009 0000666 124.1617 235.9464 15.69709162 83219
STARLINK-11292 [DTC]    
1 61203U 24171D   26060.82769074  .00000660  00000+0  10312-4 0  9996
2 61203  53.1579 215.0365 0001187 122.7632 237.3500 15.69706211 83162
STARLINK-11302 [DTC]    
1 61204U 24171E   26061.14114034 -.00000041  00000+0  45213-5 0  9996
2 61204  53.1588 213.4355 0000917  83.9416 276.1706 15.69701754 83214
STARLINK-11277 [DTC]    
1 61205U 24171F   26060.68564120  .00001319  00000+0  15744-4 0  9993
2 61205  53.1606 215.5666 0000947  68.9994 291.1125 15.69706271 83144
STARLINK-11279 [DTC]    
1 61206U 24171G   26060.80807505  .00004918  00000+0  45456-4 0  9996
2 61206  53.1598 214.9062 0001205  68.3265 291.7881 15.69696420 83162
STARLINK-11091 [DTC]    
1 61207U 24171H   26061.13623079 -.00001142  00000+0 -45703-5 0  9990
2 61207  53.1600 213.4054 0001399  67.2148 292.9017 15.69702123 83212
STARLINK-11291 [DTC]    
1 61208U 24171J   26061.12151564 -.00000889  00000+0 -24883-5 0  9998
2 61208  53.1588 213.3039 0000661  57.7874 302.3208 15.69708394 83215
STARLINK-11304 [DTC]    
1 61209U 24171K   26061.11660409  .00001345  00000+0  15954-4 0  9995
2 61209  53.1594 213.2718 0000960  59.8386 300.2727 15.69714929 84124
STARLINK-11307 [DTC]    
1 61210U 24171L   26061.16668981 -.00076730  00000+0 -63374-3 0  9995
2 61210  53.1567 213.7027 0001415  91.2223 219.2204 15.69731457  5903
STARLINK-11298 [DTC]    
1 61211U 24171M   26060.85221626 -.00001786  00000+0 -98852-5 0  9992
2 61211  53.1595 215.1951 0000648 143.4604 216.6458 15.69721097 83162
STARLINK-11310 [DTC]    
1 61212U 24171N   26060.84730913  .00000688  00000+0  10550-4 0  9992
2 61212  53.1585 215.1612 0002189 262.1882  97.8888 15.69708335 83161
STARLINK-11300 [DTC]    
1 61243U 24175A   26061.09706294  .00001236  00000+0  15056-4 0  9999
2 61243  53.1580  93.7213 0001001  99.9922 260.1209 15.69716173 82171
STARLINK-11276 [DTC]    
1 61244U 24175B   26060.39179940  .00003508  00000+0  33825-4 0  9992
2 61244  53.1581  97.1405 0001111  89.5258 270.5888 15.69693053 82060
STARLINK-11280 [DTC]    
1 61245U 24175C   26061.08235059  .00002681  00000+0  26987-4 0  9996
2 61245  53.1595  93.6309 0001716  83.3016 276.8197 15.69711393 82177
STARLINK-11308 [DTC]    
1 61246U 24175D   26061.08725122  .00000528  00000+0  92192-5 0  9992
2 61246  53.1582  93.6550 0001255 113.7152 246.3998 15.69714243 82177
STARLINK-11305 [DTC]    
1 61247U 24175E   26061.07744631 -.00000399  00000+0  15721-5 0  9998
2 61247  53.1594  93.5863 0001360 102.1313 257.9857 15.69711071 82173
STARLINK-11317 [DTC]    
1 61248U 24175F   26061.13620849  .00001838  00000+0  20034-4 0  9990
2 61248  53.1584  93.2457 0001132  88.1425 271.9723 15.69704137 82187
STARLINK-11293 [DTC]    
1 61249U 24175G   26061.06762962 -.00001144  00000+0 -45818-5 0  9996
2 61249  53.1578  93.5248 0001426  76.4123 283.7054 15.69721030 82171
STARLINK-11319 [DTC]    
1 61251U 24175J   26060.80324632  .00001534  00000+0  17522-4 0  9999
2 61251  53.1581  95.4476 0001144  75.4241 284.6904 15.69709576 82129
STARLINK-11318 [DTC]    
1 61252U 24175K   26061.11668326  .00000081  00000+0  55297-5 0  9994
2 61252  53.1583  93.8467 0001209  89.7105 270.4051 15.69715629 83340
STARLINK-11311 [DTC]    
1 61253U 24175L   26061.11177980  .00003288  00000+0  31981-4 0  9991
2 61253  53.1557  93.8126 0001145  81.4976 278.6171 15.69714432 83386
STARLINK-11306 [DTC]    
1 61254U 24175M   26060.40651871  .00002122  00000+0  22389-4 0  9997
2 61254  53.1592  97.2300 0001432 125.1016 235.0136 15.69694398 83261
STARLINK-11313 [DTC]    
1 61255U 24175N   26061.10196934  .00000824  00000+0  11660-4 0  9997
2 61255  53.1591  93.7457 0001261  86.6042 273.5120 15.69712962 82172
STARLINK-11354 [DTC]    
1 61532U 24184A   26060.84239998  .00001004  00000+0  13149-4 0  9998
2 61532  53.1595 275.0325 0001079 101.1868 258.9271 15.69706751 79189
STARLINK-11323 [DTC]    
1 61533U 24184B   26060.89626016 -.00000324  00000+0  21786-5 0  9997
2 61533  53.1584 274.6573 0000827  99.5403 260.5709 15.69709456 79194
STARLINK-11338 [DTC]    
1 61534U 24184C   26061.02850597 -.00001296  00000+0 -58434-5 0  9997
2 61534  53.1584 274.0581 0001016 109.8112 250.3015 15.69701660 79210
STARLINK-11362 [DTC]    
1 61535U 24184D   26061.01378239 -.00003378  00000+0 -23026-4 0  9996
2 61535  53.1581 273.9609 0001196 118.8961 241.2177 15.69717746 79218
STARLINK-11295 [DTC]    
1 61536U 24184E   26061.01868904  .00000469  00000+0  87226-5 0  9999
2 61536  53.1578 273.9943 0000862 123.0965 237.0136 15.69707788 79210
STARLINK-11325 [DTC]    
1 61538U 24184G   26061.00395243 -.00016602  00000+0 -13203-3 0  9991
2 61538  53.1577 273.8945 0000532 219.8385 140.2594 15.69787950 79218
STARLINK-11332 [DTC]    
1 61539U 24184H   26060.99909344 -.00002246  00000+0 -13695-4 0  9997
2 61539  53.1581 273.8847 0001400  77.3021 282.8153 15.69683118 79219
STARLINK-11350 [DTC]    
1 61540U 24184J   26060.99415884  .00000152  00000+0  61058-5 0  9999
2 61540  53.1568 273.8297 0000535 110.3890 249.7185 15.69712634 79218
STARLINK-11357 [DTC]    
1 61541U 24184K   26060.98934440 -.00008250  00000+0 -63194-4 0  9994
2 61541  53.1587 274.5335 0000380  82.7574 277.3487 15.69753831 79205
STARLINK-11322 [DTC]    
1 61542U 24184L   26060.98445165  .00001951  00000+0  20953-4 0  9991
2 61542  53.1557 274.5014 0000699  83.9670 276.1427 15.69711742 80264
STARLINK-11364 [DTC]    
1 61543U 24184M   26060.97955127 -.00000512  00000+0  64078-6 0  9996
2 61543  53.1587 274.4632 0001458 106.4897 253.6282 15.69703563 79202
STARLINK-11349 [DTC]    
1 61544U 24184N   26060.97464373  .00000815  00000+0  11580-4 0  9998
2 61544  53.1584 274.4327 0000981 176.9595 183.1429 15.69707322 79205
STARLINK-11356 [DTC]    
1 61574U 24187A   26061.13624856  .00000919  00000+0  12443-4 0  9991
2 61574  53.1588 333.5128 0000932 122.1282 237.9827 15.69707392 79599
STARLINK-11376 [DTC]    
1 61575U 24187B   26061.13135211 -.00003414  00000+0 -23345-4 0  9992
2 61575  53.1580 333.4785 0001527 159.8840 200.2238 15.69695079 79517
STARLINK-11372 [DTC]    
1 61576U 24187C   26061.12644273 -.00000427  00000+0  13299-5 0  9993
2 61576  53.1587 333.4440 0000963 133.0334 227.0765 15.69701078 79562
STARLINK-11375 [DTC]    
1 61577U 24187D   26061.12153973 -.00000203  00000+0  31843-5 0  9993
2 61577  53.1586 333.4151 0000844 114.8437 245.2669 15.69690081 79566
STARLINK-11285 [DTC]    
1 61578U 24187E   26061.05296440 -.00000671  00000+0 -68308-6 0  9990
2 61578  53.1593 333.6963 0001012  66.9708 293.1416 15.69691777 79503
STARLINK-11275 [DTC]    
1 61579U 24187F   26061.17539638  .00000018  00000+0  50076-5 0  9998
2 61579  53.1580 333.0349 0001000  90.0950 270.0182 15.69700358 79528
STARLINK-11342 [DTC]    
1 61580U 24187G   26061.17047589  .00001316  00000+0  15721-4 0  9998
2 61580  53.1584 333.0014 0001153  82.2757 277.8391 15.69712069 79620
STARLINK-11374 [DTC]    
1 61581U 24187H   26061.16568787 -.00000520  00000+0  56721-6 0  9990
2 61581  53.1591 333.7016 0001197  93.2848 266.8307 15.69700708 79610
STARLINK-11373 [DTC]    
1 61582U 24187J   26061.16078157 -.00001244  00000+0 -54110-5 0  9992
2 61582  53.1587 333.6697 0001184  87.7123 272.4030 15.69701152 79564
STARLINK-11368 [DTC]    
1 61583U 24187K   26061.15588199 -.00003796  00000+0 -26510-4 0  9990
2 61583  53.1584 333.6383 0000859  73.4423 286.6689 15.69696827 79511
STARLINK-11370 [DTC]    
1 61584U 24187L   26061.15096688 -.00002341  00000+0 -14472-4 0  9997
2 61584  53.1587 333.6065 0001106  69.1370 290.9767 15.69701445 79564
STARLINK-11361 [DTC]    
1 61585U 24187M   26061.01872118  .00259117  00000+0  20786-2 0  9999
2 61585  53.1573 334.2014 0001133  97.3209 262.7938 15.69696788 79543
STARLINK-11360 [DTC]    
1 61586U 24187N   26061.14116242 -.00001100  00000+0 -42311-5 0  9993
2 61586  53.1593 333.5401 0000836  95.9739 264.1374 15.69693171 79610
STARLINK-11335 [DTC]    
1 61687U 24195A   26060.44327153  .00003308  00000+0  32160-4 0  9991
2 61687  53.1581  67.2651 0001117  80.4589 279.6555 15.69703500 77733
STARLINK-11344 [DTC]    
1 61688U 24195B   26060.31102950  .00004767  00000+0  44183-4 0  9992
2 61688  53.1590  67.8606 0001136  93.5061 266.6087 15.69708226 77715
STARLINK-11312 [DTC]    
1 61689U 24195C   26060.43346524  .00002132  00000+0  22452-4 0  9992
2 61689  53.1583  67.1970 0001127 111.1869 248.9269 15.69706853 77739
STARLINK-11340 [DTC]    
1 61690U 24195D   26061.00157914  .00006530  00000+0  58691-4 0  9991
2 61690  53.1567  64.3395 0001401 114.2035 245.9130 15.69722294 77828
STARLINK-11339 [DTC]    
1 61691U 24195E   26060.29141848  .00003138  00000+0  30771-4 0  9991
2 61691  53.1593  67.7284 0001425  72.5515 287.5658 15.69696715 77710
STARLINK-11315 [DTC]    
1 61692U 24195F   26060.42365158  .00003780  00000+0  36049-4 0  9996
2 61692  53.1582  67.1320 0001005 108.0900 252.0227 15.69703932 77732
STARLINK-11366 [DTC]    
1 61693U 24195G   26061.17787887 -.00000695  00000+0 -88009-6 0  9996
2 61693  53.1588  63.3002 0001303  93.8581 266.2586 15.69705952 77853
STARLINK-11348 [DTC]    
1 61694U 24195H   26061.17296955  .00000917  00000+0  12433-4 0  9999
2 61694  53.1589  63.2683 0001326  71.4208 288.6954 15.69706255 77856
STARLINK-11327 [DTC]    
1 61695U 24195J   26061.16808101 -.00002751  00000+0 -17879-4 0  9990
2 61695  53.1587  63.2364 0000667  59.6925 300.4159 15.69683683 77851
STARLINK-11341 [DTC]    
1 61696U 24195K   26061.16317291 -.00002362  00000+0 -14656-4 0  9994
2 61696  53.1578  63.2018 0001212  60.9585 299.1555 15.69693081 77859
STARLINK-11346 [DTC]    
1 61697U 24195L   26061.15825968 -.00005642  00000+0 -41774-4 0  9994
2 61697  53.1573  63.1700 0001026  70.2095 289.9034 15.69692995 77857
STARLINK-11296 [DTC]    
1 61699U 24195N   26061.14844985 -.00004004  00000+0 -28229-4 0  9996
2 61699  53.1576  63.1051 0001202  77.7014 282.4139 15.69691351 77859
STARLINK-11402 [DTC]    
1 61874U 24204A   26061.13630433 -.00000769  00000+0 -14938-5 0  9999
2 61874  53.1576  33.8628 0001066  76.3183 283.7953 15.69697629 76310
STARLINK-11316 [DTC]    
1 61875U 24204B   26061.14111208 -.00001742  00000+0 -95338-5 0  9990
2 61875  53.1600  33.1370 0000979  73.3322 286.7804 15.69688084 75738
STARLINK-11321 [DTC]    
1 61877U 24204D   26061.19015692 -.00003412  00000+0 -23336-4 0  9991
2 61877  53.1574  33.4600 0000919 103.7783 256.3338 15.69694047 75722
STARLINK-11314 [DTC]    
1 61878U 24204E   26061.18524592  .00000409  00000+0  82371-5 0  9991
2 61878  53.1607  33.4314 0001223  66.3308 293.7838 15.69708723 75736
STARLINK-11324 [DTC]    
1 61879U 24204F   26061.18034322  .00001472  00000+0  17011-4 0  9998
2 61879  53.1600  33.3940 0001310  95.8002 264.3166 15.69703391 75733
STARLINK-11328 [DTC]    
1 61880U 24204G   26061.17543254 -.00000603  00000+0 -12063-6 0  9999
2 61880  53.1591  33.3631 0001083 107.5270 252.5867 15.69710593 75735
STARLINK-11329 [DTC]    
1 61881U 24204H   26061.17053073 -.00000451  00000+0  11351-5 0  9993
2 61881  53.1589  33.3282 0001018  99.5279 260.5854 15.69705408 75736
STARLINK-11398 [DTC]    
1 61882U 24204J   26061.16562607 -.00000407  00000+0  15001-5 0  9998
2 61882  53.1598  33.2972 0000902  89.2199 270.8922 15.69706986 75732
STARLINK-11383 [DTC]    
1 61883U 24204K   26061.15582818 -.00002990  00000+0 -19854-4 0  9993
2 61883  53.1596  33.2316 0001235  69.4476 290.6674 15.69678423 75739
STARLINK-11359 [DTC]    
1 61884U 24204L   26061.16071879 -.00000525  00000+0  52471-6 0  9990
2 61884  53.1600  33.2616 0001085  99.7816 260.3324 15.69707377 75733
STARLINK-11301 [DTC]    
1 61885U 24204M   26061.15090320 -.00000113  00000+0  39232-5 0  9994
2 61885  53.1590  33.1946 0000804  88.6485 271.4625 15.69712821 75731
STARLINK-11351 [DTC]    
1 61886U 24204N   26061.14601195 -.00005086  00000+0 -37153-4 0  9996
2 61886  53.1596  33.1661 0001495  79.0628 281.0558 15.69703068 75737
STARLINK-11407 [DTC]    
1 61939U 24209A   26061.13009345  .00302049  00000+0  24051-2 0  9996
2 61939  53.1569  48.3050 0001809  22.8503 337.2595 15.69742315 75556
STARLINK-11337 [DTC]    
1 61940U 24209B   26061.12518471  .00376597  00000+0  29404-2 0  9998
2 61940  53.1562  48.2716 0001259 169.3801 190.7244 15.69987085 75532
STARLINK-11353 [DTC]    
1 61941U 24209C   26061.18395785  .00141628  00000+0  11541-2 0  9994
2 61941  53.1562  47.9255 0001440  95.5719 264.5463 15.69707951 75509
STARLINK-11320 [DTC]    
1 61942U 24209D   26061.11547770  .00276752  00000+0  22148-2 0  9993
2 61942  53.1565  48.9423 0001120  53.9341 306.1781 15.69699727 75489
STARLINK-11425 [DTC]    
1 61943U 24209E   26061.11057214  .00295138  00000+0  23548-2 0  9997
2 61943  53.1564  48.9088 0001154  18.9861 341.1200 15.69714691 75484
STARLINK-11422 [DTC]    
1 61944U 24209F   26061.16933274  .00262243  00000+0  21030-2 0  9997
2 61944  53.1565  48.5612 0001182  89.1077 271.0077 15.69694962 75497
STARLINK-11421 [DTC]    
1 61945U 24209G   26061.16442767  .00200755  00000+0  16130-2 0  9995
2 61945  53.1567  48.5296 0001795 160.4544 199.6543 15.69846706 75498
STARLINK-11410 [DTC]    
1 61946U 24209H   26061.15952176  .00215274  00000+0  17346-2 0  9997
2 61946  53.1571  48.4948 0001081  40.6071 319.5027 15.69729124 75538
STARLINK-11390 [DTC]    
1 61947U 24209J   26061.15461814  .00311684  00000+0  24778-2 0  9991
2 61947  53.1572  48.4643 0001171  49.2410 310.8709 15.69751962 75530
STARLINK-11414 [DTC]    
1 61948U 24209K   26061.13499337  .00197355  00000+0  15862-2 0  9992
2 61948  53.1568  48.3330 0001143 148.8143 211.2943 15.69850075 75535
STARLINK-11424 [DTC]    
1 61949U 24209L   26061.13990470  .00292380  00000+0  23339-2 0  9999
2 61949  53.1571  48.3661 0001188  57.3717 302.7416 15.69712522 75497
STARLINK-11423 [DTC]    
1 61950U 24209M   26061.14970977  .00376906  00000+0  29390-2 0  9992
2 61950  53.1570  48.4339 0001448 176.1121 183.9908 15.70018339 75536
STARLINK-11395 [DTC]    
1 61951U 24209N   26061.14480509  .00366553  00000+0  28633-2 0  9996
2 61951  53.1570  48.3978 0000772 167.7100 192.3937 15.70006343 75490
STARLINK-11433 [DTC]    
1 62008U 24213A   26061.08846323  .00258485  00000+0  20669-2 0  9993
2 62008  53.1567  78.5608 0001313 106.1231 253.9931 15.69777135 73723
STARLINK-11262 [DTC]    
1 62009U 24213B   26061.06404073  .00345745  00000+0  27240-2 0  9992
2 62009  53.1561  79.1400 0002147 115.1873 244.9367 15.69863846 73710
STARLINK-11326 [DTC]    
1 62010U 24213C   26061.04442101  .00188755  00000+0  15241-2 0  9990
2 62010  53.1570  79.0064 0001753  96.6593 263.4624 15.69765882 73714
STARLINK-11330 [DTC]    
1 62011U 24213D   26060.54977899  .00212905  00000+0  17112-2 0  9996
2 62011  53.1567  81.6169 0001255  88.3596 271.7566 15.69798602 73638
STARLINK-11363 [DTC]    
1 62012U 24213E   26061.03460859  .00274877  00000+0  21874-2 0  9991
2 62012  53.1563  78.9436 0001974  97.1822 262.9421 15.69841492 73716
STARLINK-11377 [DTC]    
1 62013U 24213F   26061.02970418  .00285786  00000+0  22697-2 0  9993
2 62013  53.1571  78.9128 0002037 137.6182 222.4993 15.69855735 73714
STARLINK-11385 [DTC]    
1 62014U 24213G   26061.05423002  .00304491  00000+0  24105-2 0  9990
2 62014  53.1566  79.0737 0002151 116.7554 243.3684 15.69874776 73710
STARLINK-11396 [DTC]    
1 62015U 24213H   26061.01989046  .00334380  00000+0  26352-2 0  9998
2 62015  53.1562  78.8413 0002219 121.5777 238.5458 15.69892174 73718
STARLINK-11393 [DTC]    
1 62016U 24213J   26061.07865426  .00351124  00000+0  27591-2 0  9991
2 62016  53.1560  78.4969 0001389 128.5897 231.5245 15.69911032 73729
STARLINK-11343 [DTC]    
1 62017U 24213K   26061.04931460  .00320798  00000+0  25371-2 0  9998
2 62017  53.1566  79.0428 0001882 101.2513 258.8716 15.69848704 73713
STARLINK-11411 [DTC]    
1 62018U 24213L   26061.03951405  .00322927  00000+0  25522-2 0  9993
2 62018  53.1562  78.9781 0002597 116.5644 243.5640 15.69858592 73711
STARLINK-11404 [DTC]    
1 62019U 24213M   26061.06894487  .00315224  00000+0  24893-2 0  9995
2 62019  53.1560  79.1690 0001727 133.9420 226.1740 15.69901781 73718
STARLINK-11378 [DTC]    
1 62020U 24213N   26061.07375021  .00310144  00000+0  24515-2 0  9993
2 62020  53.1559  78.4639 0001888 131.2193 228.8987 15.69894981 73725
STARLINK-11465 [DTC]    
1 62057U 24217A   26061.09580840  .00253390  00000+0  20271-2 0  9990
2 62057  53.1564 108.4876 0001564  90.7378 269.3819 15.69781794 73982
STARLINK-11426 [DTC]    
1 62058U 24217B   26061.15457299  .00238175  00000+0  19094-2 0  9994
2 62058  53.1561 108.1409 0001141 100.9696 259.1450 15.69778902 73937
STARLINK-11454 [DTC]    
1 62059U 24217C   26061.12523896  .00313828  00000+0  24839-2 0  9991
2 62059  53.1575 108.6816 0001476 115.3247 244.7924 15.69850884 73984
STARLINK-11473 [DTC]    
1 62060U 24217D   26061.13505043  .00343347  00000+0  27036-2 0  9999
2 62060  53.1575 108.7458 0001347 129.6510 230.4627 15.69884906 73981
STARLINK-11429 [DTC]    
1 62061U 24217E   26061.12033518  .00183896  00000+0  14859-2 0  9992
2 62061  53.1561 108.6476 0001385 106.1577 253.9593 15.69765105 73982
STARLINK-11470 [DTC]    
1 62062U 24217F   26061.11542882  .00283432  00000+0  22592-2 0  9991
2 62062  53.1572 108.6131 0001413 104.6440 255.4734 15.69775388 73929
STARLINK-11427 [DTC]    
1 62063U 24217G   26061.13014572  .00199596  00000+0  16063-2 0  9997
2 62063  53.1580 108.7150 0001206  88.8729 271.2427 15.69810209 73987
STARLINK-11456 [DTC]    
1 62064U 24217H   26061.16438598  .00309460  00000+0  24456-2 0  9997
2 62064  53.1571 108.2043 0001489  86.7844 273.3344 15.69901204 73990
STARLINK-11474 [DTC]    
1 62065U 24217J   26061.14966658  .00248732  00000+0  19916-2 0  9998
2 62065  53.1566 108.1078 0000891  90.3430 269.7690 15.69774644 73999
STARLINK-11463 [DTC]    
1 62066U 24217K   26060.85585028  .00147992  00000+0  12025-2 0  9994
2 62066  53.1574 109.8376 0001697  79.7189 280.4020 15.69754571 73944
STARLINK-11472 [DTC]    
1 62067U 24217L   26061.14486016  .00184055  00000+0  14829-2 0  9990
2 62067  53.1567 108.8099 0001378 101.1642 258.9531 15.69834302 73913
STARLINK-11467 [DTC]    
1 62068U 24217M   26061.10561927  .00277149  00000+0  22057-2 0  9991
2 62068  53.1574 108.5489 0002565 111.9422 248.1868 15.69831769 73981
STARLINK-11460 [DTC]    
1 62069U 24217N   26061.13995498  .00207695  00000+0  16678-2 0  9990
2 62069  53.1570 108.7752 0001792 110.9001 249.2209 15.69837470 73926
STARLINK-11394 [DTC]    
1 62218U 24231A   26061.19134524  .00220479  00000+0  17716-2 0  9992
2 62218  53.1584 138.2447 0001809  76.9415 283.1805 15.69779693 72239
STARLINK-11490 [DTC]    
1 62219U 24231B   26061.19625114  .00232783  00000+0  18670-2 0  9994
2 62219  53.1576 138.2765 0002157  84.2222 275.9042 15.69784580 72232
STARLINK-11466 [DTC]    
1 62220U 24231C   26060.50570325  .00260337  00000+0  20828-2 0  9997
2 62220  53.1578 141.7936 0002023  38.1772 321.9389 15.69757617 72120
STARLINK-11468 [DTC]    
1 62221U 24231D   26060.51551262  .00173969  00000+0  14076-2 0  9990
2 62221  53.1578 141.8602 0002190  30.5868 329.5277 15.69765084 72126
STARLINK-11488 [DTC]    
1 62222U 24231E   26060.62813199  .00201665  00000+0  16248-2 0  9991
2 62222  53.1575 141.1332 0001553  46.5365 313.5782 15.69775933 72148
STARLINK-11483 [DTC]    
1 62223U 24231F   26060.91214528  .00227434  00000+0  18255-2 0  9997
2 62223  53.1575 139.3348 0001872  70.0507 290.0712 15.69784613 72191
STARLINK-11492 [DTC]    
1 62224U 24231G   26060.51060921  .00266996  00000+0  21325-2 0  9998
2 62224  53.1579 141.8368 0001724  44.3798 315.7358 15.69777748 72123
STARLINK-11471 [DTC]    
1 62225U 24231H   26042.89862098  .00251935  00000+0  20165-2 0  9993
2 62225  53.1560 228.2022 0001040  56.4772 303.6345 15.69773068 69363
STARLINK-11475 [DTC]    
1 62226U 24231J   26060.92195447  .00307675  00000+0  24402-2 0  9996
2 62226  53.1579 139.3982 0001556  53.1252 306.9909 15.69821267 72192
STARLINK-11469 [DTC]    
1 62227U 24231K   26061.18643721  .00299475  00000+0  23740-2 0  9991
2 62227  53.1578 138.2069 0000928 144.2230 215.8850 15.69857664 72234
STARLINK-11476 [DTC]    
1 62228U 24231L   26060.52522219  .00265196  00000+0  21231-2 0  9993
2 62228  53.1576 141.1851 0001741  50.7499 309.3673 15.69727153 72148
STARLINK-11485 [DTC]    
1 62229U 24231M   26061.18153471  .00205878  00000+0  16581-2 0  9990
2 62229  53.1580 138.1732 0001876  87.4255 272.6978 15.69771550 72234
STARLINK-11481 [DTC]    
1 62230U 24231N   26060.58408081  .00133261  00000+0  10848-2 0  9991
2 62230  53.1583 141.5717 0001086  97.9275 262.1866 15.69763037 72131
STARLINK-36840          
1 67850U 26034A   26061.16668981 -.00118841  00000+0 -60585-3 0  9992
2 67850  53.1574 249.0611 0000826  68.1495  53.8274 15.80909560  2706
STARLINK-36348          
1 67851U 26034B   26061.16668981  .00038371  00000+0  19725-3 0  9990
2 67851  53.1565 249.0517 0001166  75.8149  50.4155 15.80854468  2652
STARLINK-36276          
1 67852U 26034C   26061.16668981 -.00098290  00000+0 -49836-3 0  9995
2 67852  53.1566 249.0430 0000888  69.5792  60.8920 15.80949247  2657
STARLINK-36785          
1 67853U 26034D   26061.16668981 -.00076821  00000+0 -38807-3 0  9998
2 67853  53.1566 249.0340 0000832  96.2780  38.4725 15.80932228  2656
STARLINK-36608          
1 67854U 26034E   26061.16668981 -.00143777  00000+0 -73501-3 0  9994
2 67854  53.1554 249.0251 0000887  92.8961  46.1500 15.80933694  2653
STARLINK-36838          
1 67855U 26034F   26061.16668981 -.00122082  00000+0 -62229-3 0  9996
2 67855  53.1555 249.0162 0001282  71.3642  71.9473 15.80922439  2654
STARLINK-36843          
1 67856U 26034G   26061.16668981 -.00097928  00000+0 -49714-3 0  9991
2 67856  53.1553 248.9988 0000868  78.6480  73.1915 15.80921039  2656
STARLINK-36828          
1 67857U 26034H   26061.16668981 -.00013088  00000+0 -62846-4 0  9999
2 67857  53.1557 249.0080 0000934  63.6852  83.8885 15.80881401  2659
STARLINK-36837          
1 67858U 26034J   26061.16668981 -.00183367  00000+0 -93949-3 0  9995
2 67858  53.1554 248.9895 0001301  92.9464  63.1186 15.81005049  2654
STARLINK-36393          
1 67859U 26034K   26061.16668981 -.00078265  00000+0 -39616-3 0  9997
2 67859  53.1550 248.9804 0000496  71.0803  89.3119 15.80897059  2655
STARLINK-35873          
1 67860U 26034L   26061.16668981  .00009065  00000+0  49446-4 0  9992
2 67860  53.1551 248.9718 0000951  81.8602  82.8071 15.80859664  2794
STARLINK-36325          
1 67861U 26034M   26061.16668981 -.00048580  00000+0 -24366-3 0  9993
2 67861  53.1551 248.9627 0000921  59.4851 109.4504 15.80900575  2658
STARLINK-36332          
1 67862U 26034N   26061.16668981 -.00038652  00000+0 -19307-3 0  9992
2 67862  53.1542 248.9544 0000947  55.3995 117.8107 15.80883643  2657
STARLINK-36835          
1 67863U 26034P   26061.16668981  .00075750  00000+0  38418-3 0  9995
2 67863  53.1539 248.9442 0001085 104.4809  72.9766 15.80860262  2659
STARLINK-36831          
1 67864U 26034Q   26061.16668981  .00027638  00000+0  14324-3 0  9998
2 67864  53.1536 248.9358 0000647  95.5162  86.2524 15.80854364  2654
STARLINK-36738          
1 67865U 26034R   26061.16668981 -.00010622  00000+0 -50356-4 0  9992
2 67865  53.1534 248.9271 0000967  70.1144 115.9286 15.80867710  2655
STARLINK-36780          
1 67866U 26034S   26061.16668981  .00065438  00000+0  33364-3 0  9995
2 67866  53.1519 248.9172 0001095  95.9598  94.3556 15.80802988  2656
STARLINK-36761          
1 67867U 26034T   26061.16668981 -.00165976  00000+0 -84996-3 0  9993
2 67867  53.1520 248.9086 0001061  69.4437 125.0974 15.80964858  2655
STARLINK-36762          
1 67868U 26034U   26061.16668981 -.00368796  00000+0 -19252-2 0  9991
2 67868  53.1519 248.9002 0001547  63.6782 135.0608 15.81098546  2658
STARLINK-36779          
1 67869U 26034V   26061.16668981 -.00679454  00000+0 -36370-2 0  9998
2 67869  53.1515 248.8913 0001431  72.1882 130.6853 15.81340893  2651
STARLINK-36770          
1 67870U 26034W   26061.16668981 -.01206119  00000+0 -65711-2 0  9996
2 67870  53.1510 248.8739 0001137  61.5291 149.5267 15.81840682  2652
STARLINK-36769          
1 67871U 26034X   26061.16668981 -.00926626  00000+0 -50549-2 0  9991
2 67871  53.1511 248.8828 0000975  60.8799 146.1232 15.81561116  2654
STARLINK-36786          
1 67872U 26034Y   26061.16668981 -.01428801  00000+0 -76941-2 0  9999
2 67872  53.1510 248.8661 0000835  65.2076 149.8691 15.82109553  2654
