STARLINK-6284           
1 56403U 23061AF  26061.01533782  .01656603  89304-5  73121-3 0  9997
2 56403  42.9912 185.0802 0005825 295.0958  64.9324 16.21392264156229
STARLINK-6151           
1 57118U 23090T   26061.13509825  .01152799  83267-3  10712-2 0  9990
2 57118  42.9706 195.6192 0017662 334.6318  25.3696 16.11141315150668
STARLINK-30209          
1 57307U 23096T   26061.38385295  .07402874  92504-5  21000-2 0  9992
2 57307  42.9575 178.4941 0023127 349.9616  10.0807 16.25821908146596
STARLINK-34128          
1 63892U 25095C   26059.83395119  .10864389  89706-5  46844-2 0  9992
2 63892  42.9923 220.0314 0005959 293.3629  66.6630 16.21663642 46502
