STARLINK-30189          
1 57430U 23105A   26061.16668981  .00180951  00000+0  35406-2 0  9993
2 57430  42.9985 281.6770 0002089 280.6822  68.2495 15.46022676  5914
STARLINK-30237          
1 57437U 23105H   26061.16668981  .00328458  00000+0  50629-2 0  9990
2 57437  42.9983 278.4513 0012920 283.4061 327.3346 15.52174513  5783
STARLINK-31725          
1 59538U 24074E   26061.16668981  .00080795  00000+0  13190-2 0  9991
2 59538  42.9977   9.0988 0011738 190.9143 247.1927 15.51547207  5724
STARLINK-31761          
1 59615U 24080Q   26061.16668981  .00281600  00000+0  43476-2 0  9992
2 59615  42.9949  74.4223 0018117 110.8490 129.7536 15.52213178  5876
