STARLINK-4349           
1 53044U 22077B   26061.16668981  .00121986  00000+0  65365-3 0  9998
2 53044  97.6011 250.5044 0001216 351.2717  13.3894 15.79958571  5930
STARLINK-4404           
1 53195U 22084G   26061.16668981  .00710762  00000+0  33048-2 0  9991
2 53195  97.6184 146.2654 0001042  47.3044 319.1918 15.81547566  6047
STARLINK-4407           
1 53196U 22084H   26061.16668981  .00661601  00000+0  31248-2 0  9999
2 53196  97.6146 146.7823 0002117 339.4500 194.9838 15.81334110  5931
STARLINK-4361           
1 53493U 22099AE  26061.16668981  .00451786  00000+0  21211-2 0  9995
2 53493  97.6464 200.1785 0001154 100.8646  70.5002 15.81998012  6038
STARLINK-4465           
1 53496U 22099AH  26060.94409938  .00055197  00000+0  29841-3 0  9992
2 53496  97.6408 206.7803 0000815 249.6321 110.4858 15.79965669196286
STARLINK-4461           
1 53503U 22099AQ  26061.16668981  .00573052  00000+0  27183-2 0  9992
2 53503  97.6348 207.6633 0001029  55.3158   1.2133 15.81463472  6042
STARLINK-4469           
1 53657U 22105K   26060.69914131  .00033439  00000+0  18399-3 0  9998
2 53657  97.6294 325.4881 0001801 120.5480 239.5964 15.79669999193434
