STARLINK-3004           
1 48880U 21059B   26060.89054669  .00000699  00000+0  58989-4 0  9992
2 48880  97.6605 187.6090 0001875  90.2014 269.9425 15.01258183257635
STARLINK-3005           
1 48881U 21059C   26060.95055043 -.00000899  00000+0 -65420-4 0  9999
2 48881  97.6578 187.6173 0002767  94.9543 265.1997 15.01246848257644
STARLINK-4362           
1 53043U 22077A   26061.04443580  .00000976  00000+0  80483-4 0  9994
2 53043  97.6006 242.7380 0002658  66.2245 293.9257 15.01273392199770
STARLINK-4350           
1 53045U 22077C   26061.08904992 -.00004293  00000+0 -29336-3 0  9996
2 53045  97.6028 243.7308 0001621  91.7938 268.3475 15.05662612199845
STARLINK-4331           
1 53046U 22077D   26061.04751189  .00000399  00000+0  31848-4 0  9994
2 53046  97.6031 243.7854 0001477  86.6042 273.5353 15.05650936199843
STARLINK-4352           
1 53047U 22077E   26061.09097284  .00000070  00000+0  10017-4 0  9990
2 53047  97.6021 242.8123 0001476  97.2904 262.8488 15.01258960199786
STARLINK-4355           
1 53048U 22077F   26061.07520413 -.00002207  00000+0 -14886-3 0  9997
2 53048  97.6015 243.7450 0001338 102.1605 257.9772 15.05634624199830
STARLINK-4345           
1 53049U 22077G   26061.09629401 -.00002797  00000+0 -21318-3 0  9999
2 53049  97.6022 242.7945 0001365  25.6377 334.4915 15.01276765199779
STARLINK-4343           
1 53050U 22077H   26061.09734941 -.00001276  00000+0 -84255-4 0  9998
2 53050  97.6029 243.7115 0001503  91.0053 269.1346 15.05641838199830
STARLINK-4336           
1 53051U 22077J   26061.03704157  .00000079  00000+0  10672-4 0  9999
2 53051  97.6023 242.7151 0002954  71.4547 288.6999 15.01262806199767
STARLINK-4341           
1 53052U 22077K   26061.10000693 -.00000549  00000+0 -38181-4 0  9991
2 53052  97.6023 242.7941 0003124  39.5334 320.6117 15.01258984199776
STARLINK-4337           
1 53053U 22077L   26061.09258301  .00000785  00000+0  65675-4 0  9999
2 53053  97.6021 242.7852 0001487  75.3983 284.7407 15.01260113199773
STARLINK-4339           
1 53054U 22077M   26061.06135962  .00000102  00000+0  11308-4 0  9991
2 53054  97.6028 243.7504 0001297  83.5876 276.5499 15.05650878199839
STARLINK-4338           
1 53055U 22077N   26061.09181551 -.00001488  00000+0 -98924-4 0  9999
2 53055  97.6028 243.6928 0001334  90.3590 269.7790 15.05654647199836
STARLINK-4314           
1 53056U 22077P   26061.07797297 -.00007514  00000+0 -51692-3 0  9994
2 53056  97.6022 243.7203 0002027  88.5695 271.5764 15.05662207199836
STARLINK-4252           
1 53057U 22077Q   26061.10289932  .00000265  00000+0  22598-4 0  9999
2 53057  97.6032 243.8229 0001305  89.3214 270.8163 15.05646947199840
STARLINK-4317           
1 53058U 22077R   26061.03913968  .00000273  00000+0  25772-4 0  9991
2 53058  97.6026 242.6998 0002990  51.0203 309.1287 15.01260941199776
STARLINK-4320           
1 53059U 22077S   26061.01691970 -.00000474  00000+0 -32366-4 0  9998
2 53059  97.6010 242.7036 0000843 102.7943 257.3375 15.01257739199766
STARLINK-4305           
1 53060U 22077T   26061.08889568 -.00002154  00000+0 -16331-3 0  9999
2 53060  97.6018 242.7809 0001260  93.8247 266.3122 15.01247775199775
STARLINK-4308           
1 53061U 22077U   26061.08148652  .00001057  00000+0  86776-4 0  9992
2 53061  97.6018 242.7619 0000604 137.7311 222.3960 15.01260388199773
STARLINK-4311           
1 53062U 22077V   26061.01851938  .00000143  00000+0  15676-4 0  9990
2 53062  97.6021 242.7112 0000847 171.7815 188.3424 15.01262042199766
STARLINK-4307           
1 53063U 22077W   26061.05304757  .00001751  00000+0  12547-3 0  9996
2 53063  97.6035 243.6439 0001175  79.2872 280.8487 15.05658442 71419
STARLINK-4313           
1 53064U 22077X   26061.06413005  .00001281  00000+0  92920-4 0  9997
2 53064  97.6029 243.7128 0001187  74.4390 285.6968 15.05663302199839
STARLINK-4312           
1 53065U 22077Y   26061.07776553  .00000996  00000+0  82039-4 0  9991
2 53065  97.6020 242.7566 0001429 201.9310 158.1853 15.01262956199770
STARLINK-4309           
1 53066U 22077Z   26061.07615560  .00003206  00000+0  25395-3 0  9990
2 53066  97.6015 242.7632 0001505 224.3218 135.7886 15.01266653199775
STARLINK-4325           
1 53068U 22077AB  26061.05859987  .00002318  00000+0  16485-3 0  9996
2 53068  97.6030 243.7036 0001133  77.4088 282.7265 15.05638155199837
STARLINK-4323           
1 53069U 22077AC  26061.07036087 -.00000232  00000+0 -13541-4 0  9993
2 53069  97.6021 242.7479 0003553 187.3330 172.7843 15.01260894199777
STARLINK-4342           
1 53070U 22077AD  26061.01983852  .00000687  00000+0  51794-4 0  9994
2 53070  97.6022 243.7526 0000934  89.7451 270.3883 15.05646225199839
STARLINK-4328           
1 53071U 22077AE  26061.08351631  .00000122  00000+0  12692-4 0  9994
2 53071  97.6021 243.8058 0001299  85.7306 274.4069 15.05644344199842
STARLINK-4344           
1 53072U 22077AF  26061.06966189  .00000425  00000+0  33664-4 0  9991
2 53072  97.6026 243.6799 0001247  77.5039 282.6328 15.05648781199830
STARLINK-4310           
1 53074U 22077AH  26061.06689220  .00000393  00000+0  31441-4 0  9996
2 53074  97.6027 243.6754 0001601  81.9568 278.1840 15.05649449199835
STARLINK-4348           
1 53075U 22077AJ  26061.06664185  .00001610  00000+0  12982-3 0  9991
2 53075  97.6024 242.7324 0002645 156.9861 203.1483 15.01275110199774
STARLINK-4347           
1 53076U 22077AK  26061.06505237  .00000323  00000+0  29685-4 0  9993
2 53076  97.6027 242.7472 0002743 165.8905 194.2396 15.01261853199771
STARLINK-4322           
1 53078U 22077AM  26061.06296720 -.00000580  00000+0 -40594-4 0  9998
2 53078  97.6037 242.7423 0002283 139.4772 220.6623 15.01254500199776
STARLINK-4327           
1 53079U 22077AN  26061.10012499 -.00000110  00000+0 -34033-5 0  9994
2 53079  97.6033 243.7587 0001646  84.6675 275.4740 15.05647966199842
STARLINK-4330           
1 53080U 22077AP  26061.05027865  .00000504  00000+0  39130-4 0  9990
2 53080  97.6034 243.6812 0001364  78.0272 282.1107 15.05647668199832
STARLINK-4326           
1 53081U 22077AQ  26061.06135179  .00000607  00000+0  51817-4 0  9990
2 53081  97.6045 242.7253 0001018 130.6099 229.5214 15.01262440199776
STARLINK-4321           
1 53082U 22077AR  26061.05555143  .00000591  00000+0  50522-4 0  9991
2 53082  97.6041 242.7449 0000995  73.6266 286.5067 15.01263780199772
STARLINK-4251           
1 53083U 22077AS  26061.04473865  .00000415  00000+0  32998-4 0  9993
2 53083  97.6036 243.6453 0001567  87.7929 272.3477 15.05648521199839
STARLINK-4319           
1 53084U 22077AT  26061.04197147  .00000293  00000+0  24522-4 0  9998
2 53084  97.6033 243.6749 0001073  88.7241 271.4109 15.05647561199830
STARLINK-4324           
1 53085U 22077AU  26061.05581890  .00001593  00000+0  11456-3 0  9997
2 53085  97.6030 243.6479 0001393  80.2757 279.8627 15.05648291199830
STARLINK-4318           
1 53086U 22077AV  26061.05184948  .00000695  00000+0  58612-4 0  9999
2 53086  97.6038 242.7438 0001367 121.4339 238.7020 15.01263331199777
STARLINK-4333           
1 53088U 22077AX  26061.04814824  .00000565  00000+0  48520-4 0  9996
2 53088  97.6037 242.7415 0002170  55.6236 304.5193 15.01261601199771
STARLINK-4391           
1 53189U 22084A   26061.11396601  .00000231  00000+0  20231-4 0  9991
2 53189  97.6038 123.7052 0000911 100.0930 260.0400 15.05647776198913
STARLINK-4332           
1 53190U 22084B   26061.12781169  .00000760  00000+0  56894-4 0  9992
2 53190  97.6030 123.7550 0000523 134.6722 225.4548 15.05651334198914
STARLINK-4369           
1 53191U 22084C   26061.11048056  .00000533  00000+0  46033-4 0  9995
2 53191  97.6032 122.7944 0002255  87.4718 272.6764 15.01262090198172
STARLINK-4375           
1 53192U 22084D   26061.15827320 -.00000683  00000+0 -43140-4 0  9993
2 53192  97.6030 123.7810 0000483  77.3610 282.7670 15.05642891198919
STARLINK-4351           
1 53193U 22084E   26061.18081101  .00003199  00000+0  25328-3 0  9996
2 53193  97.6048 122.8633 0002250 111.0842 249.0623 15.01284533199207
STARLINK-4382           
1 53194U 22084F   26061.17489582  .00002609  00000+0  18499-3 0  9997
2 53194  97.6039 123.7694 0001451  99.8691 260.2700 15.05649610198241
STARLINK-4403           
1 53197U 22084J   26061.16972924  .00000433  00000+0  38225-4 0  9999
2 53197  97.6010 122.8485 0003410  74.0484 286.1116 15.01261772198189
STARLINK-4385           
1 53198U 22084K   26061.17343082  .00000556  00000+0  47797-4 0  9998
2 53198  97.6024 122.8550 0002919  74.1449 286.0097 15.01263738198847
STARLINK-4395           
1 53199U 22084L   26061.14996659 -.00000256  00000+0 -13566-4 0  9996
2 53199  97.6018 123.7757 0000983 114.4420 245.6910 15.05647453198249
STARLINK-4417           
1 53200U 22084M   26061.16935920 -.00000958  00000+0 -62210-4 0  9994
2 53200  97.6039 123.7599 0000864 128.6378 231.4926 15.05645059198909
STARLINK-4405           
1 53201U 22084N   26061.11950367  .00004933  00000+0  34571-3 0  9995
2 53201  97.6021 123.8063 0000881 119.1019 241.0296 15.05664585198243
STARLINK-4411           
1 53202U 22084P   26061.13889860  .00001505  00000+0  10851-3 0  9994
2 53202  97.6022 123.7906 0001517  87.5824 272.5577 15.05645273198243
STARLINK-4409           
1 53203U 22084Q   26061.13612366  .00000022  00000+0  57222-5 0  9998
2 53203  97.6026 123.7770 0000695 132.8710 227.2575 15.05648302198242
STARLINK-4410           
1 53204U 22084R   26061.16441589 -.00000048  00000+0  79384-6 0  9992
2 53204  97.6015 122.8426 0001773  57.7192 302.4204 15.01260314198846
STARLINK-4397           
1 53205U 22084S   26061.13058912  .00000406  00000+0  32353-4 0  9994
2 53205  97.6029 123.7762 0001481  88.6228 271.5169 15.05647400198243
STARLINK-4408           
1 53206U 22084T   26061.14444508  .00000214  00000+0  19056-4 0  9998
2 53206  97.6016 123.7667 0001679 102.2061 257.9354 15.05640298198243
STARLINK-4413           
1 53207U 22084U   26061.15491925 -.00000541  00000+0 -37577-4 0  9998
2 53207  97.6020 122.8182 0001751  92.2758 267.8666 15.01262760198182
STARLINK-4425           
1 53208U 22084V   26061.16232547 -.00000047  00000+0  91077-6 0  9990
2 53208  97.6019 122.8351 0002941  88.3579 271.7983 15.01255702198182
STARLINK-4423           
1 53209U 22084W   26061.15331734 -.00002445  00000+0 -18588-3 0  9996
2 53209  97.5995 122.8241 0002053  99.5434 260.6022 15.01259446198181
STARLINK-4427           
1 53210U 22084X   26061.15861862  .00000223  00000+0  21867-4 0  9993
2 53210  97.6018 122.8299 0002014  89.8434 270.3021 15.01261323198726
STARLINK-4416           
1 53212U 22084Z   26061.13334917 -.00001514  00000+0 -10077-3 0  9995
2 53212  97.6022 123.7631 0000606 125.3719 234.7564 15.05641294198235
STARLINK-4414           
1 53213U 22084AA  26061.14380726 -.00000369  00000+0 -24155-4 0  9996
2 53213  97.6021 122.8117 0002402 200.8951 159.2175 15.01264853198706
STARLINK-4353           
1 53214U 22084AB  26061.15121135  .00000403  00000+0  35915-4 0  9998
2 53214  97.6022 122.8205 0001507  92.1436 267.9961 15.01259036198180
STARLINK-4335           
1 53215U 22084AC  26061.11673620  .00000571  00000+0  43801-4 0  9995
2 53215  97.6033 123.7606 0000534 144.0905 216.0358 15.05649531198761
STARLINK-4376           
1 53216U 22084AD  26061.14750445  .00000252  00000+0  24155-4 0  9997
2 53216  97.6023 122.8161 0000830 174.3265 185.7969 15.01263107198184
STARLINK-4384           
1 53218U 22084AF  26061.16104951  .00000075  00000+0  93950-5 0  9999
2 53218  97.6036 123.8638 0000629 120.2613 239.8676 15.05647730198776
STARLINK-4373           
1 53219U 22084AG  26061.12227044 -.00000680  00000+0 -42884-4 0  9998
2 53219  97.6025 123.7354 0001491 169.9657 190.1600 15.05661867198240
STARLINK-4363           
1 53220U 22084AH  26061.14012100  .00001269  00000+0  10336-3 0  9995
2 53220  97.6022 122.8078 0002185 169.2513 190.8759 15.01249292198700
STARLINK-4377           
1 53221U 22084AJ  26061.13269976  .00003236  00000+0  25624-3 0  9992
2 53221  97.6028 122.8010 0002339 143.5621 216.5763 15.01280499198186
STARLINK-4356           
1 53224U 22084AM  26061.13639979  .00000469  00000+0  41038-4 0  9992
2 53224  97.6026 122.8041 0003587 161.4015 198.7341 15.01258463198182
STARLINK-4358           
1 53225U 22084AN  26061.12504611 -.00000334  00000+0 -18929-4 0  9992
2 53225  97.6025 123.7151 0001047 148.8052 211.3237 15.05656886198241
STARLINK-4359           
1 53226U 22084AP  26061.12528611  .00000747  00000+0  62711-4 0  9993
2 53226  97.6045 122.8091 0000833 182.4488 177.6732 15.01263862198187
STARLINK-4366           
1 53227U 22084AQ  26061.17211894  .00000410  00000+0  32618-4 0  9991
2 53227  97.6036 123.7811 0001402  96.7180 263.4207 15.05648508198254
STARLINK-4365           
1 53228U 22084AR  26061.12900321  .00002301  00000+0  18358-3 0  9992
2 53228  97.6039 122.7973 0000715 148.1910 211.9358 15.01271540198186
STARLINK-4367           
1 53229U 22084AS  26061.17765757  .00000432  00000+0  34133-4 0  9993
2 53229  97.6038 123.7909 0001116  98.6054 261.5300 15.05647414198257
STARLINK-4364           
1 53230U 22084AT  26061.15551075 -.00000692  00000+0 -43718-4 0  9998
2 53230  97.6027 123.8239 0001158  97.9038 262.2320 15.05653580198255
STARLINK-4370           
1 53231U 22084AU  26061.16658226  .00000186  00000+0  17078-4 0  9992
2 53231  97.6038 123.7969 0000656 124.4179 235.7110 15.05648652198257
STARLINK-4371           
1 53232U 22084AV  26061.12158536  .00000844  00000+0  70244-4 0  9993
2 53232  97.6054 122.7960 0001111 170.2306 189.8940 15.01262361198181
STARLINK-4372           
1 53233U 22084AW  26061.18293066  .00000007  00000+0  50574-5 0  9994
2 53233  97.6040 122.8677 0001484 128.5561 231.5797 15.01265067198197
STARLINK-4368           
1 53234U 22084AX  26061.11788241  .00000817  00000+0  68160-4 0  9990
2 53234  97.6047 122.7948 0000830 147.0006 213.1270 15.01264361199198
STARLINK-4415           
1 53465U 22099A   26061.04612671  .00003291  00000+0  23212-3 0  9994
2 53465  97.6038 183.6847 0000298  58.2332 301.8924 15.05658054194883
STARLINK-4398           
1 53466U 22099B   26061.06291295 -.00001436  00000+0 -10735-3 0  9999
2 53466  97.6028 182.7499 0002148  66.6386 293.5064 15.01248384194838
STARLINK-4394           
1 53467U 22099C   26060.90767036  .00000120  00000+0  12507-4 0  9990
2 53467  97.6033 183.6046 0001407 210.5439 149.5706 15.05649493194876
STARLINK-4400           
1 53468U 22099D   26061.05919376 -.00000082  00000+0 -18104-5 0  9993
2 53468  97.6029 182.7442 0002473  78.1881 281.9621 15.01262260194837
STARLINK-4399           
1 53469U 22099E   26061.09595145  .00003321  00000+0  23414-3 0  9997
2 53469  97.6039 183.7525 0000911 207.0514 153.0665 15.05671950194902
STARLINK-4393           
1 53470U 22099F   26061.05709694 -.00000091  00000+0 -25396-5 0  9997
2 53470  97.6020 182.7403 0002166  90.4000 269.7472 15.01261273194838
STARLINK-4316           
1 53471U 22099G   26061.04888571 -.00001382  00000+0 -91583-4 0  9993
2 53471  97.6037 183.6555 0000666 253.9876 106.1277 15.05653436194898
STARLINK-4447           
1 53472U 22099H   26060.92008726  .00000211  00000+0  20926-4 0  9997
2 53472  97.6023 182.6051 0001340  95.0575 265.0803 15.01261590194819
STARLINK-4383           
1 53473U 22099J   26060.88275065  .00001856  00000+0  13280-3 0  9995
2 53473  97.6035 183.5609 0001898  90.4593 269.6851 15.05644289194872
STARLINK-4445           
1 53474U 22099K   26060.90736521  .00001492  00000+0  12070-3 0  9990
2 53474  97.6022 182.5885 0004002 204.0051 156.0987 15.01260283194813
STARLINK-4389           
1 53475U 22099L   26061.04598045 -.00000247  00000+0 -14727-4 0  9995
2 53475  97.6022 182.7258 0001845 219.8680 140.2409 15.01261110195538
STARLINK-4378           
1 53476U 22099M   26061.04970777 -.00003310  00000+0 -25345-3 0  9993
2 53476  97.6023 182.7303 0000525 220.0905 140.0281 15.01237687194839
STARLINK-4412           
1 53477U 22099N   26060.92748311  .00000629  00000+0  53510-4 0  9991
2 53477  97.6027 182.5794 0002624  59.6158 300.5325 15.01269787195518
STARLINK-4433           
1 53478U 22099P   26060.90897367 -.00000208  00000+0 -11626-4 0  9993
2 53478  97.5990 182.6030 0003348 224.0751 136.0207 15.01256504194818
STARLINK-4436           
1 53479U 22099Q   26061.05997666  .00001226  00000+0  89182-4 0  9995
2 53479  97.6037 183.7697 0000392 101.0975 259.0295 15.05640726194901
STARLINK-4442           
1 53480U 22099R   26060.90213228  .00000227  00000+0  19971-4 0  9994
2 53480  97.6033 183.5257 0001038 100.2661 259.8682 15.05648433194877
STARLINK-4302           
1 53481U 22099S   26060.90526754 -.00000483  00000+0 -33048-4 0  9993
2 53481  97.6022 182.5862 0005107 213.8540 146.2359 15.01268269194810
STARLINK-4360           
1 53482U 22099T   26060.89416424  .00000548  00000+0  47168-4 0  9992
2 53482  97.6045 182.6044 0001046 132.2668 227.8646 15.01261976194815
STARLINK-4426           
1 53484U 22099V   26061.09873608  .00000318  00000+0  26240-4 0  9991
2 53484  97.6032 183.7086 0000310 120.6475 239.4782 15.05648321194908
STARLINK-4430           
1 53485U 22099W   26060.89786585  .00000614  00000+0  52321-4 0  9994
2 53485  97.6032 182.5786 0003751 194.1533 165.9587 15.01262330194810
STARLINK-4431           
1 53486U 22099X   26060.90157052  .00000041  00000+0  77420-5 0  9990
2 53486  97.6025 182.5823 0004652 182.2601 177.8603 15.01261059194818
STARLINK-4432           
1 53487U 22099Y   26061.14581201  .00000247  00000+0  21312-4 0  9991
2 53487  97.6039 183.7796 0000351 110.9555 249.1709 15.05647649194912
STARLINK-4421           
1 53488U 22099Z   26061.05720882  .00004175  00000+0  29338-3 0  9991
2 53488  97.6040 183.7565 0000841 181.8991 178.2233 15.05654576194904
STARLINK-4392           
1 53489U 22099AA  26060.89997479 -.00000154  00000+0 -74375-5 0  9999
2 53489  97.6030 182.5631 0003410 174.4515 185.6748 15.01253596194816
STARLINK-4387           
1 53490U 22099AB  26060.88831058 -.00002946  00000+0 -20010-3 0  9996
2 53490  97.6074 183.5129 0000207 143.5295 216.5946 15.05633717194862
STARLINK-4450           
1 53491U 22099AC  26060.88515081  .00000738  00000+0  61987-4 0  9996
2 53491  97.6047 182.5878 0001952 207.3618 152.7503 15.01260474194816
STARLINK-4451           
1 53492U 22099AD  26060.89045678  .00000867  00000+0  71993-4 0  9999
2 53492  97.6047 182.5841 0001708 236.5434 123.5627 15.01265335194810
STARLINK-4340           
1 53494U 22099AF  26061.05443593  .00000029  00000+0  62471-5 0  9990
2 53494  97.6041 183.7386 0000654 102.2088 257.9212 15.05645611194901
STARLINK-4429           
1 53495U 22099AG  26060.88306183  .00000078  00000+0  10647-4 0  9995
2 53495  97.6044 182.5791 0001173 199.4528 160.6652 15.01269217194814
STARLINK-4453           
1 53497U 22099AJ  26061.07931526  .00001250  00000+0  10181-3 0  9999
2 53497  97.6032 182.7734 0001898  91.4373 268.7068 15.01257267194841
STARLINK-4439           
1 53498U 22099AK  26060.89105972  .00007259  00000+0  50692-3 0  9993
2 53498  97.6033 183.4811 0000769 127.4727 232.6570 15.05638031194873
STARLINK-4454           
1 53499U 22099AL  26060.90490218  .00000263  00000+0  22465-4 0  9992
2 53499  97.6025 183.5989 0000618 209.5384 150.5807 15.05648303194881
STARLINK-4455           
1 53500U 22099AM  26060.89383311  .00001379  00000+0  99755-4 0  9993
2 53500  97.6034 183.6199 0000999  84.9527 275.1814 15.05645023194882
STARLINK-4434           
1 53501U 22099AN  26061.07190934 -.00001513  00000+0 -11327-3 0  9992
2 53501  97.6023 182.7696 0003088  82.1583 277.9992 15.01271602194844
STARLINK-4435           
1 53502U 22099AP  26061.06551111  .00002212  00000+0  15747-3 0  9995
2 53502  97.6039 183.6941 0000364 250.2554 109.8634 15.05656232194908
STARLINK-4448           
1 53504U 22099AR  26061.07561583 -.00000588  00000+0 -41242-4 0  9998
2 53504  97.6031 182.7699 0002017  76.8167 283.3282 15.01269171194849
STARLINK-4437           
1 53506U 22099AT  26061.07105277 -.00000762  00000+0 -48633-4 0  9999
2 53506  97.6028 183.6695 0000756 113.1570 246.9736 15.05639693194904
STARLINK-4443           
1 53508U 22099AV  26060.91043884  .00000174  00000+0  16298-4 0  9995
2 53508  97.6035 183.5737 0000294 138.4023 221.7226 15.05648136194884
STARLINK-4402           
1 53509U 22099AW  26061.06450490  .00000235  00000+0  22844-4 0  9990
2 53509  97.6030 182.7532 0003432  82.1158 278.0456 15.01263320194845
STARLINK-4622           
1 53648U 22105A   26061.11325377  .00000488  00000+0  42496-4 0  9998
2 53648  97.6018 302.7843 0001024 121.5031 238.6294 15.01258577192104
STARLINK-4386           
1 53649U 22105B   26061.13475828 -.00000810  00000+0 -51902-4 0  9991
2 53649  97.6034 303.8217 0002357  83.5269 276.6226 15.05640689192166
STARLINK-4380           
1 53650U 22105C   26061.10955550 -.00000562  00000+0 -39266-4 0  9998
2 53650  97.6021 302.7801 0000660 116.6249 243.5043 15.01255632192090
STARLINK-4388           
1 53651U 22105D   26061.15135383  .00001295  00000+0  93931-4 0  9999
2 53651  97.6028 303.7916 0002184  79.7787 280.3686 15.05650159192162
STARLINK-4374           
1 53652U 22105E   26061.17250149  .00001088  00000+0  89168-4 0  9997
2 53652  97.6020 302.8413 0000799 120.8842 239.2461 15.01271136192105
STARLINK-4390           
1 53653U 22105F   26061.12438063  .00001630  00000+0  13142-3 0  9997
2 53653  97.6014 302.7529 0002341  43.0788 317.0620 15.01266798192094
STARLINK-4420           
1 53654U 22105G   26061.16241718  .00001223  00000+0  88959-4 0  9998
2 53654  97.6021 303.7600 0001652  83.1297 277.0118 15.05658352192168
STARLINK-4470           
1 53655U 22105H   26061.17073343  .00000088  00000+0  10324-4 0  9996
2 53655  97.6021 303.7571 0002082  76.8199 283.3260 15.05648877192163
STARLINK-4466           
1 53656U 22105J   26061.16139007  .00000505  00000+0  43834-4 0  9992
2 53656  97.6033 302.8368 0000843 159.3044 200.8215 15.01263354192107
STARLINK-4452           
1 53658U 22105L   26061.12089598  .00000481  00000+0  37575-4 0  9997
2 53658  97.6017 303.8052 0002775  82.9489 277.2054 15.05651068192164
STARLINK-4473           
1 53660U 22105N   26061.15768339  .00002706  00000+0  21507-3 0  9999
2 53660  97.6044 302.8305 0003487 127.3746 232.7796 15.01273650192104
STARLINK-4472           
1 53661U 22105P   26061.15978399  .00001002  00000+0  82521-4 0  9991
2 53661  97.6039 302.8347 0000541 149.9749 210.1507 15.01263386192101
STARLINK-4357           
1 53662U 22105Q   26061.15965310  .00001695  00000+0  12169-3 0  9999
2 53662  97.6024 303.7276 0002687  86.7955 273.3579 15.05644058192166
STARLINK-4457           
1 53663U 22105R   26061.11812840 -.00000178  00000+0 -81229-5 0  9997
2 53663  97.6013 303.7996 0002395  85.7587 274.3914 15.05646423192162
STARLINK-4471           
1 53664U 22105S   26061.14857093  .00001918  00000+0  13711-3 0  9990
2 53664  97.6037 303.7445 0001876  89.5636 270.5805 15.05651633192164
STARLINK-4334           
1 53665U 22105T   26061.11533543  .00002077  00000+0  14801-3 0  9997
2 53665  97.6022 303.7948 0003136  82.2181 277.9402 15.05668950192167
STARLINK-4406           
1 53667U 22105V   26061.16522236 -.00000240  00000+0 -12390-4 0  9995
2 53667  97.6023 303.8829 0002162  70.8444 289.3017 15.05646020192176
STARLINK-4458           
1 53668U 22105W   26061.13750043 -.00001237  00000+0 -81563-4 0  9997
2 53668  97.6035 303.7233 0002507  83.8848 276.2664 15.05640605192168
STARLINK-4464           
1 53669U 22105X   26061.15398695  .00001397  00000+0  11324-3 0  9993
2 53669  97.6046 302.8245 0001241  91.6128 268.5239 15.01260619192101
STARLINK-4459           
1 53670U 22105Y   26061.17351169  .00000136  00000+0  13649-4 0  9995
2 53670  97.6018 303.8463 0002183  82.0069 278.1405 15.05648200192178
STARLINK-4440           
1 53671U 22105Z   26061.14497774  .00000465  00000+0  40769-4 0  9994
2 53671  97.6032 302.8337 0003078  64.6253 295.5290 15.01264440192103
STARLINK-4428           
1 53672U 22105AA  26061.13176964 -.00000012  00000+0  36473-5 0  9996
2 53672  97.6006 302.8330 0003032  44.2633 315.8833 15.01262294192108
STARLINK-4456           
1 53673U 22105AB  26061.14304688  .00000615  00000+0  46866-4 0  9998
2 53673  97.6035 303.7903 0001959  78.8978 281.2469 15.05648340192169
STARLINK-4620           
1 53674U 22105AC  26061.13917954  .00000228  00000+0  22314-4 0  9996
2 53674  97.6022 302.8240 0004105  49.2625 310.8955 15.01262311192106
STARLINK-4617           
1 53675U 22105AD  26061.15415596 -.00004259  00000+0 -29109-3 0  9992
2 53675  97.6016 303.8607 0003190  90.4628 269.6964 15.05647530192174
STARLINK-4621           
1 53676U 22105AE  26061.13547461  .00000184  00000+0  18864-4 0  9996
2 53676  97.6010 302.8182 0003651  36.3889 323.7583 15.01263055192100
STARLINK-4579           
1 53677U 22105AF  26061.11258878 -.00000478  00000+0 -28905-4 0  9991
2 53677  97.6014 303.7649 0002129  84.1398 276.0071 15.05646789192169
STARLINK-4632           
1 53679U 22105AH  26061.14582229  .00000503  00000+0  39054-4 0  9990
2 53679  97.6032 303.8666 0002002  81.2953 278.8500 15.05648374192176
STARLINK-4630           
1 53680U 22105AJ  26061.10981764  .00000275  00000+0  23274-4 0  9998
2 53680  97.6017 303.7432 0002297  78.5639 281.5846 15.05645169192169
STARLINK-4424           
1 53681U 22105AK  26061.12806544  .00000256  00000+0  24456-4 0  9995
2 53681  97.6011 302.8180 0001921  41.5049 318.6321 15.01262294192106
STARLINK-4438           
1 53682U 22105AL  26061.12919937 -.00001050  00000+0 -68577-4 0  9994
2 53682  97.6030 303.7111 0002595  63.0424 297.1068 15.05655116192164
STARLINK-4625           
1 53683U 22105AM  26061.13386977  .00000476  00000+0  41578-4 0  9999
2 53683  97.5999 302.8100 0004835  56.7197 303.4490 15.01264785192109
STARLINK-4624           
1 53684U 22105AN  26061.15029203 -.00000779  00000+0 -56156-4 0  9994
2 53684  97.6035 302.8975 0002443  83.3475 276.8027 15.01253970192080
STARLINK-4626           
1 53685U 22105AP  26061.12646649 -.00000513  00000+0 -35405-4 0  9991
2 53685  97.6015 302.8059 0002791  51.2578 308.8895 15.01264014192109
STARLINK-4467           
1 53686U 22105AQ  26061.16510195  .00000684  00000+0  57834-4 0  9999
2 53686  97.6030 302.8934 0001821 185.1092 175.0115 15.01246555192110
STARLINK-4569           
1 53687U 22105AR  26061.12643104 -.00000452  00000+0 -27103-4 0  9994
2 53687  97.6028 303.7136 0002527  79.2932 280.8579 15.05645389192168
STARLINK-4571           
1 53688U 22105AS  26061.12065947  .00000222  00000+0  21802-4 0  9991
2 53688  97.6016 302.7942 0001075  98.1537 261.9810 15.01264075192105
STARLINK-4570           
1 53690U 22105AU  26061.14288781  .00000246  00000+0  23673-4 0  9993
2 53690  97.6027 302.7729 0003369  50.2942 309.8579 15.01261971192106
STARLINK-4560           
1 53691U 22105AV  26061.16797237  .00002011  00000+0  14348-3 0  9997
2 53691  97.6023 303.7951 0002347  80.1807 279.9685 15.05662699192176
STARLINK-4566           
1 53693U 22105AX  26061.12366775  .00000176  00000+0  16387-4 0  9990
2 53693  97.6022 303.8444 0002402  87.0770 273.0731 15.05649296192177
STARLINK-6038           
1 56317U 23058A   26060.95751923  .00000313  00000+0  25896-4 0  9995
2 56317  97.6049  63.6016 0001704  84.8378 275.3043 15.05646491156682
STARLINK-5954           
1 56318U 23058B   26060.99628790  .00000012  00000+0  50238-5 0  9990
2 56318  97.6043  63.7023 0001928  89.1060 271.0388 15.05648530156692
STARLINK-6039           
1 56319U 23058C   26061.00635174  .00019470  00000+0  15099-2 0  9999
2 56319  97.6046  62.6297 0004274  81.2729 278.8980 15.01414074156625
STARLINK-5988           
1 56320U 23058D   26061.01229815  .00000675  00000+0  57074-4 0  9991
2 56320  97.6051  62.6191 0002720  69.3556 290.7959 15.01262049156638
STARLINK-5876           
1 56321U 23058E   26061.00736530 -.00095157  00000+0 -66845-2 0  9993
2 56321  97.6034  63.6876 0001983  90.1489 269.9965 15.05617987156698
STARLINK-6033           
1 56322U 23058F   26061.01020119  .00000661  00000+0  56034-4 0  9999
2 56322  97.6048  62.6218 0002851  70.7381 289.4151 15.01262991156627
STARLINK-6035           
1 56323U 23058G   26061.00280446  .00003634  00000+0  28726-3 0  9999
2 56323  97.6040  62.6327 0003605  61.2596 298.8990 15.01263613156618
STARLINK-6034           
1 56324U 23058H   26060.99352276 -.00000287  00000+0 -15705-4 0  9995
2 56324  97.6044  63.7063 0001970  90.8249 269.3204 15.05645027156694
STARLINK-5981           
1 56325U 23058J   26060.99538868  .00000199  00000+0  20036-4 0  9992
2 56325  97.6039  62.6412 0003050  82.3242 277.8328 15.01257441156972
STARLINK-5980           
1 56326U 23058K   26061.00489063  .00000216  00000+0  21345-4 0  9992
2 56326  97.6040  62.6298 0003627  51.1749 308.9799 15.01261009156628
STARLINK-5997           
1 56327U 23058L   26060.99007531 -.00000165  00000+0 -83118-5 0  9998
2 56327  97.6038  62.6475 0002634  85.6401 274.5125 15.01259743156978
STARLINK-5992           
1 56328U 23058M   26060.96305774 -.00000854  00000+0 -54974-4 0  9998
2 56328  97.6042  63.5941 0001437  84.4699 275.6691 15.05652738157031
STARLINK-5984           
1 56329U 23058N   26061.01567454  .00001268  00000+0  92066-4 0  9993
2 56329  97.6052  63.6776 0002148  51.1249 309.0169 15.05641818157042
STARLINK-5991           
1 56331U 23058Q   26060.98798032 -.00001643  00000+0 -12339-3 0  9992
2 56331  97.6034  62.6496 0001857  82.6597 277.4839 15.01260642156975
STARLINK-5093           
1 56332U 23058R   26060.99908661  .00000045  00000+0  80495-5 0  9998
2 56332  97.6035  62.6378 0002539  19.4953 340.6368 15.01260325156976
STARLINK-5553           
1 56333U 23058S   26060.97689819 -.00000139  00000+0 -54047-5 0  9998
2 56333  97.6034  63.5774 0002040  83.8174 276.3285 15.05645575157032
STARLINK-5548           
1 56334U 23058T   26060.99075206  .00002095  00000+0  14933-3 0  9999
2 56334  97.6041  63.7107 0002300  88.6462 271.5028 15.05652311157044
STARLINK-5559           
1 56335U 23058U   26061.00460474 -.00000101  00000+0 -28118-5 0  9998
2 56335  97.6052  63.6937 0002084  90.5375 269.6091 15.05640695157041
STARLINK-5562           
1 56336U 23058V   26060.99168020  .00000049  00000+0  83777-5 0  9999
2 56336  97.6041  62.6460 0002293  46.8092 313.3324 15.01260241156970
STARLINK-5561           
1 56337U 23058W   26060.98266153 -.00000037  00000+0  16184-5 0  9991
2 56337  97.6035  62.6480 0001319  83.8818 276.2557 15.01266091156975
STARLINK-5554           
1 56338U 23058X   26060.98427429 -.00000465  00000+0 -31632-4 0  9997
2 56338  97.6032  62.6470 0001543  93.9754 266.1646 15.01258431156978
STARLINK-5552           
1 56339U 23058Y   26060.97686468 -.00000524  00000+0 -36268-4 0  9993
2 56339  97.6039  62.6534 0001228 174.7677 185.3561 15.01258811156979
STARLINK-5540           
1 56340U 23058Z   26060.97135935  .00000256  00000+0  21983-4 0  9991
2 56340  97.6036  63.5844 0001738  84.7531 275.3894 15.05650139157037
STARLINK-5543           
1 56341U 23058AA  26060.98056809  .00000197  00000+0  19885-4 0  9997
2 56341  97.6035  62.6500 0000879 111.4137 248.7182 15.01260132156962
STARLINK-5955           
1 56342U 23058AB  26061.01289888  .00000670  00000+0  50612-4 0  9997
2 56342  97.6053  63.6828 0001934  88.8170 271.3279 15.05649419157046
STARLINK-5976           
1 56343U 23058AC  26060.97413193 -.00000024  00000+0  25571-5 0  9991
2 56343  97.6035  63.5820 0001989  83.7010 276.4443 15.05647013157031
STARLINK-5974           
1 56344U 23058AD  26061.00184396  .00001110  00000+0  81126-4 0  9990
2 56344  97.6052  63.6976 0002059  85.0945 275.0517 15.05644265157049
STARLINK-5979           
1 56345U 23058AE  26060.96945061 -.00003614  00000+0 -27687-3 0  9993
2 56345  97.6045  62.6622 0002782 145.8399 214.3005 15.01270059156971
STARLINK-5837           
1 56346U 23058AF  26060.97315867  .00001363  00000+0  11067-3 0  9992
2 56346  97.6039  62.6575 0002143 183.8967 176.2241 15.01254712156972
STARLINK-5829           
1 56347U 23058AG  26060.95198376  .00000612  00000+0  46628-4 0  9993
2 56347  97.6056  63.6109 0002056  78.2328 281.9130 15.05639950157031
STARLINK-5888           
1 56348U 23058AH  26060.97525744 -.00000685  00000+0 -48786-4 0  9998
2 56348  97.6039  62.6553 0001687 166.8080 193.3189 15.01258686156974
STARLINK-5887           
1 56349U 23058AJ  26060.96205147  .00000543  00000+0  46775-4 0  9997
2 56349  97.6060  62.6751 0001656 116.6755 243.4639 15.01260601156974
STARLINK-5886           
1 56350U 23058AK  26061.01014847 -.00000081  00000+0 -14108-5 0  9996
2 56350  97.6054  63.6875 0002187 100.9199 259.2274 15.05652716157040
STARLINK-5891           
1 56351U 23058AL  26060.96859222 -.00000106  00000+0 -31128-5 0  9993
2 56351  97.6042  63.5895 0001913  86.4516 273.6930 15.05647886157036
STARLINK-5885           
1 56352U 23058AM  26060.96577578  .00008664  00000+0  67920-3 0  9997
2 56352  97.6062  62.6669 0003218 128.0259 232.1256 15.01203410156975
STARLINK-5874           
1 56353U 23058AN  26061.01390761 -.00000409  00000+0 -27327-4 0  9991
2 56353  97.6047  62.7740 0002185  86.3706 273.7768 15.01250202156986
STARLINK-5877           
1 56354U 23058AP  26060.98798140  .00001188  00000+0  86567-4 0  9994
2 56354  97.6039  63.5638 0002368  77.6008 282.5483 15.05644105157036
STARLINK-5533           
1 56355U 23058AQ  26060.95465782  .00000509  00000+0  44166-4 0  9990
2 56355  97.6067  62.6945 0001696  90.5165 269.6254 15.01255659156972
STARLINK-5535           
1 56356U 23058AR  26060.96582502  .00000608  00000+0  46354-4 0  9993
2 56356  97.6042  63.5937 0001550  86.4479 273.6925 15.05647786157036
STARLINK-5538           
1 56357U 23058AS  26060.99905728  .00000424  00000+0  33585-4 0  9994
2 56357  97.6047  63.7028 0001995  91.7922 268.3533 15.05647525157048
STARLINK-5482           
1 56358U 23058AT  26060.95835131 -.00000411  00000+0 -27448-4 0  9990
2 56358  97.6069  62.6851 0001317  96.4400 263.6974 15.01267456156971
STARLINK-5551           
1 56359U 23058AU  26061.01969186  .00000410  00000+0  36466-4 0  9994
2 56359  97.6059  62.7631 0001913  86.4230 273.7213 15.01259899156981
STARLINK-5549           
1 56360U 23058AV  26061.02119896  .00000147  00000+0  14431-4 0  9997
2 56360  97.6039  63.6744 0001389  56.6333 303.5026 15.05656828157045
STARLINK-5550           
1 56361U 23058AW  26061.01759573  .00000548  00000+0  47181-4 0  9992
2 56361  97.6061  62.7680 0001802  96.7248 263.4181 15.01258822156986
STARLINK-5972           
1 56362U 23058AX  26060.96029852  .00000429  00000+0  33970-4 0  9995
2 56362  97.6049  63.6025 0001828  96.3766 263.7668 15.05642695157034
STARLINK-34314          
1 64146U 25112A   26061.15909128  .00007750  00000+0  54053-3 0  9990
2 64146  97.6027 114.0671 0000964  89.0640 271.0697 15.05662748 42170
STARLINK-33926          
1 64147U 25112B   26061.13418237  .00001401  00000+0  10130-3 0  9990
2 64147  97.6041 114.1018 0000593 136.3563 223.7710 15.05642678 42171
STARLINK-34213          
1 64148U 25112C   26061.10093991  .00005435  00000+0  38052-3 0  9998
2 64148  97.6030 113.9912 0000824 105.6032 254.5285 15.05658055 42161
STARLINK-33924          
1 64149U 25112D   26061.10924744  .00003727  00000+0  26237-3 0  9992
2 64149  97.6019 113.9812 0001054 107.0686 253.0656 15.05652324 42164
STARLINK-34209          
1 64150U 25112E   26061.12588360  .00009377  00000+0  65286-3 0  9990
2 64150  97.6027 114.1123 0001125  99.8408 260.2946 15.05672518 42172
STARLINK-34338          
1 64151U 25112F   26061.11755034  .00016615  00000+0  11517-2 0  9994
2 64151  97.6036 114.1249 0001530  87.8765 272.2637 15.05691818 42179
STARLINK-34348          
1 64152U 25112G   26061.15078810  .00003616  00000+0  25460-3 0  9999
2 64152  97.6038 114.0809 0000845 107.2251 252.9068 15.05667296 42174
STARLINK-34345          
1 64153U 25112H   26061.14248123  .00003077  00000+0  21732-3 0  9994
2 64153  97.6045 114.0925 0001158 133.6988 226.4335 15.05652927 42178
STARLINK-33945          
1 64154U 25112J   26061.13476309  .00004920  00000+0  34487-3 0  9992
2 64154  97.6021 122.5855 0001238  90.9552 269.1817 15.05656554 42720
STARLINK-34346          
1 64155U 25112K   26061.12863985  .00003230  00000+0  22797-3 0  9996
2 64155  97.6032 114.1170 0001167 110.1039 250.0313 15.05653103 42172
STARLINK-34277          
1 64156U 25112L   26061.09540196  .00004976  00000+0  34875-3 0  9997
2 64156  97.6029 114.0078 0000447 108.5762 251.5514 15.05658185 42162
STARLINK-34343          
1 64157U 25112M   26061.14525117  .00003703  00000+0  26070-3 0  9995
2 64157  97.6043 114.0966 0000977 102.3419 257.7917 15.05653346 42174
STARLINK-34166          
1 64158U 25112N   26061.11201462  .00003212  00000+0  22667-3 0  9990
2 64158  97.6017 113.9838 0000902 152.3472 207.7802 15.05652790 42163
STARLINK-34344          
1 64159U 25112P   26061.17017508  .00006998  00000+0  48854-3 0  9993
2 64159  97.6024 114.0615 0001012 134.1101 226.0209 15.05666949 42174
STARLINK-34339          
1 64160U 25112Q   26061.08709872  .00003625  00000+0  25526-3 0  9992
2 64160  97.6039 114.0195 0001190  91.1625 268.9738 15.05653280 42160
STARLINK-34341          
1 64161U 25112R   26061.13694771  .00003062  00000+0  21632-3 0  9999
2 64161  97.6043 114.1082 0000799 120.9671 239.1635 15.05648144 42178
STARLINK-34317          
1 64162U 25112S   26061.12033506  .00003579  00000+0  25211-3 0  9992
2 64162  97.6020 114.1278 0001238  92.9017 267.2351 15.05656944 42176
STARLINK-34340          
1 64163U 25112T   26061.09817096  .00003245  00000+0  22899-3 0  9992
2 64163  97.6026 114.0039 0000564 177.4579 182.6651 15.05651881 42167
STARLINK-34263          
1 64164U 25112U   26061.15632352  .00003634  00000+0  25585-3 0  9997
2 64164  97.6033 114.0811 0001532 150.1585 209.9729 15.05661138 42171
STARLINK-33793          
1 64165U 25112V   26061.14801866  .00004482  00000+0  31458-3 0  9993
2 64165  97.6044 114.0932 0000833 129.6635 230.4665 15.05657121 42173
STARLINK-34313          
1 64166U 25112W   26061.13973614  .00008107  00000+0  56527-3 0  9996
2 64166  97.6043 114.1052 0001828  89.2734 270.8702 15.05658391 42173
STARLINK-34309          
1 64167U 25112X   26061.13140571  .00001714  00000+0  12299-3 0  9990
2 64167  97.6025 114.1153 0002741  84.3066 275.8473 15.05652774 42174
STARLINK-34303          
1 64168U 25112Y   26061.12309401  .00001583  00000+0  11389-3 0  9992
2 64168  97.6022 114.1270 0000947 108.4628 251.6702 15.05658027 42174
STARLINK-34175          
1 64169U 25112Z   26061.10649085 -.00006942  00000+0 -47774-3 0  9999
2 64169  97.6024 113.9921 0000809 118.6889 241.4419 15.05623058 42163
STARLINK-34723          
1 64842U 25152A   26061.11635705  .00006217  00000+0  43478-3 0  9996
2 64842  97.6024 277.9782 0002676  85.7774 274.3759 15.05643036 34271
STARLINK-34725          
1 64843U 25152B   26061.09974515  .00007085  00000+0  49488-3 0  9990
2 64843  97.6001 278.0062 0002156  63.6625 296.4822 15.05637314 34271
STARLINK-34709          
1 64844U 25152C   26061.16894424  .00007239  00000+0  50531-3 0  9991
2 64844  97.6003 278.0606 0001036 105.9394 254.1947 15.05658184 34285
STARLINK-34706          
1 64845U 25152D   26061.11356984  .00002424  00000+0  17212-3 0  9991
2 64845  97.6022 277.9827 0002383  80.5978 279.5518 15.05652473 34271
STARLINK-34736          
1 64846U 25152E   26061.14403438  .00004611  00000+0  32350-3 0  9992
2 64846  97.6024 278.0891 0002040  50.7383 309.4024 15.05655908 34288
STARLINK-34746          
1 64847U 25152F   26061.14957105  .00004820  00000+0  33801-3 0  9992
2 64847  97.6013 278.0891 0001394  76.9660 283.1722 15.05656057 34285
STARLINK-34748          
1 64848U 25152G   26061.13573123  .00003426  00000+0  24153-3 0  9997
2 64848  97.6031 278.1072 0002004  76.9789 283.1661 15.05652415 34285
STARLINK-34756          
1 64849U 25152H   26061.12617574  .00004343  00000+0  34237-3 0  9999
2 64849  97.6008 278.1420 0001923  44.5062 315.6316 15.01266305 34284
STARLINK-34757          
1 64850U 25152J   26061.16065385 -.00000249  00000+0 -13046-4 0  9991
2 64850  97.6002 278.0715 0002474  68.5880 291.5610 15.05641351 34283
STARLINK-34722          
1 64851U 25152K   26061.17173388  .00005571  00000+0  39005-3 0  9999
2 64851  97.6016 278.0587 0001288  88.3773 271.7602 15.05642889 34287
STARLINK-34564          
1 64852U 25152L   26061.15511060  .00002609  00000+0  18498-3 0  9993
2 64852  97.6013 278.0813 0001872  74.9431 285.2003 15.05651554 34282
STARLINK-34676          
1 64853U 25152M   26061.10803231  .00003899  00000+0  27425-3 0  9995
2 64853  97.6018 277.9886 0001914  74.7937 285.3501 15.05653927 34271
STARLINK-34682          
1 64854U 25152N   26061.12743928  .00008934  00000+0  62224-3 0  9995
2 64854  97.6030 278.1228 0001952  62.7489 297.3936 15.05669990 34283
STARLINK-34631          
1 64855U 25152P   26061.15787701  .00003485  00000+0  24560-3 0  9993
2 64855  97.6012 278.0771 0001322  90.5892 269.5486 15.05654446 34285
STARLINK-34578          
1 64856U 25152Q   26061.12188878  .00003392  00000+0  23916-3 0  9992
2 64856  97.6031 278.1343 0002005  73.1026 287.0421 15.05653043 34284
STARLINK-34683          
1 64857U 25152R   26061.14682086  .00013286  00000+0  92267-3 0  9993
2 64857  97.6009 278.0979 0001672  77.8545 282.2869 15.05672619 34283
STARLINK-34654          
1 64858U 25152S   26061.12465561  .00003994  00000+0  28085-3 0  9991
2 64858  97.6032 278.1148 0001796  90.5973 269.5460 15.05654509 34286
STARLINK-34575          
1 64859U 25152T   26061.11912513  .00001072  00000+0  78456-4 0  9998
2 64859  97.6028 278.1306 0002445  73.9862 286.1634 15.05658205 34287
STARLINK-34570          
1 64860U 25152U   26061.11080345  .00003449  00000+0  24311-3 0  9999
2 64860  97.6010 277.9969 0001844  91.4823 268.6615 15.05650424 34274
STARLINK-34651          
1 64861U 25152V   26061.04526293  .00003571  00000+0  28229-3 0  9997
2 64861  97.6014 278.2421 0000643 124.7226 235.4059 15.01277214 34282
STARLINK-34684          
1 64862U 25152W   26061.13850047  .00002096  00000+0  14945-3 0  9996
2 64862  97.6030 278.1118 0002041  71.8558 288.2891 15.05650349 34285
STARLINK-34690          
1 64863U 25152X   26061.13019590  .00000628  00000+0  47758-4 0  9995
2 64863  97.6032 278.1234 0002584  70.1773 289.9732 15.05648274 34286
STARLINK-34628          
1 64864U 25152Y   26061.14126780  .00003364  00000+0  23721-3 0  9990
2 64864  97.6028 278.1024 0001974  63.4658 296.6770 15.05653144 34287
STARLINK-34544          
1 64865U 25152Z   26061.13296238  .00003397  00000+0  23949-3 0  9994
2 64865  97.6036 278.1099 0001924  88.3575 271.7872 15.05654386 34284
STARLINK-34705          
1 64932U 25158A   26061.11971009  .00006498  00000+0  45401-3 0  9991
2 64932  97.6011 286.5674 0002178  67.3514 292.7943 15.05660802 34211
STARLINK-34737          
1 64933U 25158B   26061.10862671  .00004942  00000+0  34644-3 0  9994
2 64933  97.6023 286.5826 0001865  59.3052 300.8358 15.05655782 34216
STARLINK-34775          
1 64934U 25158C   26061.17231795  .00002394  00000+0  17009-3 0  9994
2 64934  97.6020 286.6612 0001810  84.4886 275.6547 15.05651388 34220
STARLINK-34726          
1 64935U 25158D   26061.15016975  .00003379  00000+0  23823-3 0  9999
2 64935  97.6041 286.6914 0001955  67.9491 292.1943 15.05654018 34224
STARLINK-34529          
1 64936U 25158E   26061.11416316  .00003369  00000+0  23758-3 0  9995
2 64936  97.6019 286.5830 0001693  73.3864 286.7548 15.05654859 34212
STARLINK-34743          
1 64937U 25158F   26061.16954929  .00004410  00000+0  30959-3 0  9997
2 64937  97.6027 286.6648 0002129  57.3803 302.7629 15.05652453 34228
STARLINK-34730          
1 64938U 25158G   26061.13078786  .00002198  00000+0  15644-3 0  9998
2 64938  97.6020 286.7072 0001926  93.2681 266.8766 15.05661940 34224
STARLINK-34714          
1 64939U 25158H   26061.13355759  .00003799  00000+0  26735-3 0  9998
2 64939  97.6014 286.7143 0002056  58.1232 302.0195 15.05654435 34066
STARLINK-34755          
1 64940U 25158J   26061.15038534  .00000414  00000+0  36747-4 0  9997
2 64940  97.6008 287.3404 0003273  44.6398 315.5090 15.01269014 34269
STARLINK-34740          
1 64941U 25158K   26061.14740189  .00008662  00000+0  60388-3 0  9993
2 64941  97.6037 286.6947 0002764  93.7077 266.4466 15.05640921 34163
STARLINK-34742          
1 64942U 25158L   26061.14186755  .00004676  00000+0  32804-3 0  9990
2 64942  97.6030 286.6945 0002206  67.4542 292.6918 15.05653753 34228
STARLINK-34719          
1 64943U 25158M   26061.15293852  .00003757  00000+0  26441-3 0  9998
2 64943  97.6038 286.6876 0002368  85.4780 274.6718 15.05655147 34220
STARLINK-34373          
1 64944U 25158N   26061.11694163  .00013005  00000+0  90336-3 0  9996
2 64944  97.6017 286.5812 0002777  81.6308 278.5234 15.05668688 34214
STARLINK-34758          
1 64945U 25158P   26061.16125538 -.00039685  00000+0 -27649-2 0  9997
2 64945  97.6035 286.6775 0003147  55.7649 304.3875 15.05599768 34228
STARLINK-34753          
1 64946U 25158Q   26061.15571743  .00006585  00000+0  45993-3 0  9994
2 64946  97.6036 286.6810 0002155  88.2610 271.8864 15.05669448 34226
STARLINK-34747          
1 64947U 25158R   26061.16677627  .00008751  00000+0  60967-3 0  9999
2 64947  97.6050 286.6730 0001681  69.3512 290.7895 15.05666263 34224
STARLINK-34630          
1 64948U 25158S   26061.13632789  .00005221  00000+0  36574-3 0  9993
2 64948  97.6020 286.7098 0002470  85.0766 275.0743 15.05655519 34223
STARLINK-34689          
1 64949U 25158T   26061.12248247  .00006098  00000+0  42626-3 0  9993
2 64949  97.6011 286.5719 0001790  84.3643 275.7788 15.05669663 34212
STARLINK-34586          
1 64950U 25158U   26061.11139571  .00003952  00000+0  27789-3 0  9992
2 64950  97.6021 286.5890 0002047  61.5265 298.6167 15.05654724 34215
STARLINK-34738          
1 64951U 25158V   26061.14462796 -.00002939  00000+0 -19939-3 0  9998
2 64951  97.6010 286.6999 0002988 108.3939 251.7613 15.05672018 34220
STARLINK-34744          
1 64952U 25158W   26061.12801162  .00005934  00000+0  41503-3 0  9999
2 64952  97.6012 286.5578 0002545  80.9659 279.1855 15.05654410 34215
STARLINK-34701          
1 64953U 25158X   26061.13910031  .00005107  00000+0  35786-3 0  9995
2 64953  97.6025 286.7062 0002479  71.9118 288.2378 15.05653742 34225
STARLINK-34761          
1 64954U 25158Y   26061.12524020  .00002916  00000+0  20618-3 0  9997
2 64954  97.6012 286.5695 0001744  76.0242 284.1179 15.05652380 34210
STARLINK-34732          
1 64955U 25158Z   26061.15847548  .00003916  00000+0  27546-3 0  9992
2 64955  97.6039 286.6805 0002109  69.2410 290.9042 15.05653630 34225
STARLINK-34956          
1 65174U 25175A   26061.16736955  .00004972  00000+0  34852-3 0  9996
2 65174  97.6031 295.1676 0002563  91.7058 268.4463 15.05654623 31478
STARLINK-34949          
1 65175U 25175B   26061.16460809  .00001290  00000+0  93638-4 0  9997
2 65175  97.6012 295.1701 0003411  84.4580 275.7036 15.05640755 31512
STARLINK-34707          
1 65176U 25175C   26061.16185318  .00007650  00000+0  53394-3 0  9997
2 65176  97.6034 295.1744 0003271  77.7861 282.3732 15.05636912 31501
STARLINK-34967          
1 65177U 25175D   26061.15906211  .00003394  00000+0  23924-3 0  9997
2 65177  97.6019 295.1780 0002199  78.8523 281.2950 15.05658692 31509
STARLINK-34929          
1 65178U 25175E   26061.15629542  .00002288  00000+0  16272-3 0  9996
2 65178  97.6015 295.1812 0002470  87.7529 272.3981 15.05652907 31507
STARLINK-34932          
1 65179U 25175F   26061.15075663  .00004591  00000+0  32214-3 0  9999
2 65179  97.6013 295.1891 0002089  85.9633 274.1832 15.05656011 31500
STARLINK-34862          
1 65180U 25175G   26061.14797675  .00002840  00000+0  20087-3 0  9994
2 65180  97.6016 295.1937 0002319  93.3910 266.7582 15.05659588 31504
STARLINK-34942          
1 65181U 25175H   26061.15352633  .00004587  00000+0  32185-3 0  9999
2 65181  97.6014 295.1852 0002301  82.0147 278.1340 15.05655068 31471
STARLINK-34944          
1 65182U 25175J   26061.14521883  .00004004  00000+0  28152-3 0  9997
2 65182  97.6015 295.1969 0001667  89.4108 270.7310 15.05654222 31504
STARLINK-34939          
1 65183U 25175K   26061.14244759  .00003344  00000+0  23576-3 0  9993
2 65183  97.6026 295.2001 0001444  98.0602 262.0789 15.05663925 31473
STARLINK-34947          
1 65184U 25175L   26061.13968195  .00005185  00000+0  36325-3 0  9991
2 65184  97.6024 295.2040 0002162  62.9950 297.1498 15.05656114 31501
STARLINK-34945          
1 65185U 25175M   26061.13692321  .00007320  00000+0  51071-3 0  9995
2 65185  97.6020 295.2085 0001746  92.7020 267.4407 15.05672147 31507
STARLINK-34965          
1 65186U 25175N   26061.13137658  .00004847  00000+0  33982-3 0  9995
2 65186  97.6031 295.2162 0002090  72.7047 287.4408 15.05656740 31500
STARLINK-34915          
1 65187U 25175P   26061.13414485  .00004306  00000+0  30240-3 0  9996
2 65187  97.6023 295.2126 0001788  80.1357 280.0071 15.05656808 31502
STARLINK-34972          
1 65188U 25175Q   26061.12860602  .00006586  00000+0  46005-3 0  9990
2 65188  97.6034 295.2207 0002059  42.3078 317.8308 15.05660814 31477
STARLINK-34866          
1 65189U 25175R   26061.12583972  .00006416  00000+0  44835-3 0  9994
2 65189  97.6038 295.2242 0002115  62.9702 297.1740 15.05660221 31502
STARLINK-34917          
1 65190U 25175S   26061.16668981 -.00001208  00000+0 -79469-4 0  9992
2 65190  97.6041 295.2705 0002402  64.3987 172.0040 15.05659583  5775
STARLINK-34948          
1 65191U 25175T   26061.12029934  .00005240  00000+0  36696-3 0  9990
2 65191  97.6036 295.2279 0002557  74.5049 285.6460 15.05662304 31501
STARLINK-34955          
1 65192U 25175U   26061.11753478  .00005120  00000+0  35876-3 0  9993
2 65192  97.6046 295.2353 0002369  84.8590 275.2907 15.05655571 31477
STARLINK-34950          
1 65193U 25175V   26061.11478804  .00007549  00000+0  52681-3 0  9991
2 65193  97.6045 295.2394 0002555  79.4843 280.6671 15.05651455 31475
STARLINK-34926          
1 65194U 25175W   26061.17015074  .00004393  00000+0  30843-3 0  9994
2 65194  97.6039 295.3193 0002118  89.7343 270.4126 15.05654485 31480
STARLINK-34928          
1 65195U 25175X   26061.17291910  .00003264  00000+0  23031-3 0  9997
2 65195  97.6039 295.3155 0002457  63.5081 296.6398 15.05653513 31510
STARLINK-34927          
1 65196U 25175Y   26061.11201225 -.00000173  00000+0 -77797-5 0  9990
2 65196  97.6044 295.2430 0002272  88.8361 271.3126 15.05632428 31508
STARLINK-34952          
1 65197U 25175Z   26061.10922936  .00003760  00000+0  26460-3 0  9991
2 65197  97.6051 295.2469 0002755  57.4908 302.6585 15.05660395 31505
STARLINK-34922          
1 65273U 25184A   26061.11891543  .00003928  00000+0  27624-3 0  9995
2 65273  97.6019 115.2258 0000615 144.7639 215.3629 15.05654299 30161
STARLINK-34904          
1 65274U 25184B   26061.14660179  .00004708  00000+0  33023-3 0  9995
2 65274  97.6041 115.1917 0000908 109.3802 250.7523 15.05657978 30165
STARLINK-34954          
1 65275U 25184C   26061.09952287  .00004597  00000+0  32253-3 0  9994
2 65275  97.6027 115.0991 0000605 142.4694 217.6575 15.05654597 30154
STARLINK-34968          
1 65276U 25184D   26061.13274933 -.00004246  00000+0 -29024-3 0  9990
2 65276  97.6032 115.2105 0001710  91.1296 269.0127 15.05650049 30169
STARLINK-34935          
1 65277U 25184E   26061.11063201  .00011584  00000+0  80579-3 0  9996
2 65277  97.6022 115.2375 0001172 100.4537 259.6822 15.05645585 30168
STARLINK-35000          
1 65278U 25184F   26061.15490814  .00003974  00000+0  27940-3 0  9992
2 65278  97.6044 115.1803 0001102  94.5219 265.6134 15.05659174 30163
STARLINK-35023          
1 65279U 25184G   26061.14105760 -.00000385  00000+0 -22446-4 0  9997
2 65279  97.6045 115.1995 0001662  86.5404 273.6013 15.05639763 30162
STARLINK-35001          
1 65280U 25184H   26061.12445528  .00004013  00000+0  28215-3 0  9995
2 65280  97.6020 115.2211 0001491 100.2547 259.8848 15.05656846 30164
STARLINK-35010          
1 65281U 25184J   26061.11614780  .00003134  00000+0  22131-3 0  9997
2 65281  97.6017 115.2299 0000637 100.9931 259.1367 15.05652795 30160
STARLINK-35021          
1 65282U 25184K   26061.10507247  .00005686  00000+0  39784-3 0  9992
2 65282  97.6030 115.2462 0000633 106.6282 253.5014 15.05658409 30116
STARLINK-35015          
1 65283U 25184L   26061.16046415  .00013102  00000+0  91066-3 0  9997
2 65283  97.6031 115.1721 0000570 130.8920 229.2356 15.05647055 30162
STARLINK-35006          
1 65284U 25184M   26061.12999339  .00003766  00000+0  26499-3 0  9999
2 65284  97.6030 115.2142 0002478 119.9164 240.2310 15.05657573 30166
STARLINK-34995          
1 65285U 25184N   26061.14383610  .00003048  00000+0  21536-3 0  9991
2 65285  97.6045 115.1952 0001941  91.2539 268.8910 15.05654089 30164
STARLINK-35048          
1 65286U 25184P   26061.13552657  .00010382  00000+0  72194-3 0  9995
2 65286  97.6038 115.2067 0000890 110.7629 249.3693 15.05688713 30112
STARLINK-35007          
1 65287U 25184Q   26061.15214092  .00004060  00000+0  28540-3 0  9998
2 65287  97.6044 115.1834 0001314 101.2147 258.9228 15.05653483 30108
STARLINK-35018          
1 65288U 25184R   26061.12168745  .00001959  00000+0  13992-3 0  9998
2 65288  97.6017 115.2250 0001350  99.6945 260.4434 15.05657326 30161
STARLINK-34845          
1 65289U 25184S   26061.11338031  .00002768  00000+0  19594-3 0  9998
2 65289  97.6018 115.2340 0000973  92.5181 267.6157 15.05651373 30164
STARLINK-34984          
1 65290U 25184T   26061.12723788  .00007863  00000+0  54869-3 0  9993
2 65290  97.6024 115.2179 0001598  82.9658 277.1750 15.05639632 30168
STARLINK-35002          
1 65291U 25184U   26061.16321065  .00006395  00000+0  44691-3 0  9991
2 65291  97.6027 115.1690 0000342 168.3611 191.7624 15.05660922 30160
STARLINK-35017          
1 65292U 25184V   26061.10784093  .00005005  00000+0  35073-3 0  9991
2 65292  97.6024 115.2420 0000609 103.9153 256.2142 15.05657733 30115
STARLINK-34951          
1 65293U 25184W   26061.13830640  .00006947  00000+0  48491-3 0  9999
2 65293  97.6041 115.2034 0001442  95.2433 264.8958 15.05670127 30163
STARLINK-34613          
1 65294U 25184X   26061.14937282  .00013038  00000+0  90512-3 0  9991
2 65294  97.6041 115.1880 0001609 101.8186 258.3221 15.05692221 30166
STARLINK-34834          
1 65295U 25184Y   26061.10229281  .00003896  00000+0  27402-3 0  9990
2 65295  97.6022 115.0976 0001030 103.7664 256.3678 15.05653834 30151
STARLINK-34872          
1 65296U 25184Z   26061.15768308  .00000725  00000+0  54457-4 0  9993
2 65296  97.6038 115.1763 0001028 105.2348 254.8992 15.05656408 30160
STARLINK-34985          
1 65379U 25191A   26061.16326885  .00010280  00000+0  71568-3 0  9992
2 65379  97.6032 294.0562 0002371  85.3034 274.8464 15.05645609 29134
STARLINK-35051          
1 65380U 25191B   26061.12725906  .00004141  00000+0  29100-3 0  9991
2 65380  97.6031 294.1060 0001220  51.4941 308.6395 15.05651106 29141
STARLINK-35028          
1 65381U 25191C   26061.11064428  .00006189  00000+0  43267-3 0  9990
2 65381  97.6042 294.1292 0002122  56.0183 304.1245 15.05659208 29137
STARLINK-35032          
1 65382U 25191D   26061.14663481  .00003270  00000+0  23066-3 0  9991
2 65382  97.6012 294.0786 0001678  89.9391 270.2028 15.05654936 29138
STARLINK-35054          
1 65383U 25191E   26061.17155324  .00004060  00000+0  28535-3 0  9991
2 65383  97.6042 294.0478 0002185  80.0843 280.0630 15.05654713 29139
STARLINK-35012          
1 65384U 25191F   26061.15494063  .00003328  00000+0  23474-3 0  9999
2 65384  97.6018 294.0668 0001997  89.3973 270.7482 15.05654520 29137
STARLINK-35073          
1 65385U 25191G   26061.13833030  .00004150  00000+0  29159-3 0  9999
2 65385  97.6018 294.0903 0001957  95.0436 265.1014 15.05656191 29139
STARLINK-35066          
1 65386U 25191H   26061.11895002  .00002860  00000+0  20230-3 0  9992
2 65386  97.6058 294.1192 0001960  94.7182 265.4268 15.05652542 29133
STARLINK-34703          
1 65387U 25191J   26060.60112500  .00004048  00000+0  28460-3 0  9994
2 65387  97.6020 293.5744 0001524  92.2877 267.8524 15.05653277 29057
STARLINK-34957          
1 65388U 25191K   26061.11342300  .00006550  00000+0  45777-3 0  9995
2 65388  97.6043 294.1255 0002107  53.8764 306.2657 15.05646993 29134
STARLINK-34993          
1 65389U 25191L   26061.15771127  .00003023  00000+0  21363-3 0  9990
2 65389  97.6021 294.0633 0002774  85.2390 274.9153 15.05652752 29136
STARLINK-35083          
1 65390U 25191M   26061.16879963  .00007591  00000+0  52995-3 0  9999
2 65390  97.6043 294.0518 0002878  86.5682 273.5874 15.05632996 29130
STARLINK-34786          
1 65391U 25191N   26061.12171764  .00006019  00000+0  42087-3 0  9995
2 65391  97.6037 294.1145 0002285  66.6506 293.4961 15.05660239 29136
STARLINK-35082          
1 65392U 25191P   26061.10788160  .00004768  00000+0  33442-3 0  9992
2 65392  97.6043 294.1331 0002123  88.4630 271.6840 15.05649079 29135
STARLINK-35097          
1 65393U 25191Q   26061.14386713  .00003462  00000+0  24395-3 0  9992
2 65393  97.6023 294.0811 0001411 100.0458 260.0928 15.05666915 27689
STARLINK-35058          
1 65394U 25191R   26061.14942333  .00008772  00000+0  61136-3 0  9992
2 65394  97.6023 294.0734 0002357  80.3962 279.7531 15.05652522 29132
STARLINK-35094          
1 65395U 25191S   26061.15217333  .00000578  00000+0  44243-4 0  9996
2 65395  97.6014 294.0708 0002137  72.5395 287.6065 15.05652261 29144
STARLINK-34811          
1 65396U 25191T   26061.16601714  .00003793  00000+0  26687-3 0  9991
2 65396  97.6035 294.0557 0002664  84.3567 275.7964 15.05654221 29130
STARLINK-34940          
1 65397U 25191U   26061.13556035  .00004831  00000+0  33873-3 0  9993
2 65397  97.6021 294.0951 0001886  69.6767 290.4662 15.05658256 29138
STARLINK-34931          
1 65398U 25191V   26061.16048037  .00008982  00000+0  62585-3 0  9998
2 65398  97.6023 294.0630 0002364  84.5431 275.6065 15.05653799 29130
STARLINK-34836          
1 65399U 25191W   26061.14109784  .00005492  00000+0  38442-3 0  9992
2 65399  97.6017 294.0866 0002605  83.4621 276.6903 15.05658363 29136
STARLINK-34876          
1 65400U 25191X   26061.11618072  .00005762  00000+0  40314-3 0  9998
2 65400  97.6047 294.1224 0002627  49.7437 310.4019 15.05657140 29132
STARLINK-34909          
1 65401U 25191Y   26061.13002138  .00004884  00000+0  34241-3 0  9997
2 65401  97.6027 294.1026 0001689 100.4739 259.6678 15.05657945 29147
STARLINK-34848          
1 65402U 25191Z   26061.12448586  .00006848  00000+0  47822-3 0  9999
2 65402  97.6039 294.1104 0002070  68.0555 292.0892 15.05658202 29133
STARLINK-35142          
1 65434U 25194A   26061.11221333  .00003566  00000+0  25118-3 0  9993
2 65434  97.6023 276.8495 0001338  58.2676 301.8681 15.05654368 28506
STARLINK-34978          
1 65435U 25194B   26061.13160961  .00001961  00000+0  14004-3 0  9994
2 65435  97.6030 276.9946 0002154  87.8540 272.2934 15.05649999 28519
STARLINK-35043          
1 65436U 25194C   26061.14979678  .00003460  00000+0  27372-3 0  9997
2 65436  97.6030 277.8053 0002060  81.6754 278.4704 15.01265258 28560
STARLINK-35080          
1 65437U 25194D   26061.13714174 -.00000856  00000+0 -55141-4 0  9999
2 65437  97.6023 276.9883 0001756  89.7751 270.3677 15.05649078 28516
STARLINK-35068          
1 65438U 25194E   26061.11775609  .00004286  00000+0  30102-3 0  9996
2 65438  97.6028 276.8590 0002510  86.7999 273.3515 15.05653101 28501
STARLINK-35045          
1 65439U 25194F   26061.14545196  .00002812  00000+0  19904-3 0  9996
2 65439  97.6016 276.9738 0002533  80.6730 279.4783 15.05646322 28517
STARLINK-35050          
1 65440U 25194G   26061.12605799 -.00002459  00000+0 -16622-3 0  9995
2 65440  97.6028 277.0024 0002414  93.9146 266.2357 15.05651923 28512
STARLINK-35065          
1 65441U 25194H   26061.17313886  .00001292  00000+0  93677-4 0  9992
2 65441  97.6016 276.9380 0002661  72.4298 287.7219 15.05660660 28510
STARLINK-34679          
1 65442U 25194J   26061.13437748  .00002217  00000+0  15782-3 0  9991
2 65442  97.6029 276.9917 0002130  83.7583 276.3887 15.05651748 28516
STARLINK-34678          
1 65443U 25194K   26061.16759535  .00023677  00000+0  16379-2 0  9991
2 65443  97.6046 276.9451 0001463  88.1586 271.9808 15.05690119 28518
STARLINK-35049          
1 65444U 25194L   26061.15376796  .00006862  00000+0  47903-3 0  9990
2 65444  97.6010 276.9626 0001902  61.3209 298.8209 15.05669201 28518
STARLINK-35029          
1 65445U 25194M   26061.14821839  .00002620  00000+0  18573-3 0  9992
2 65445  97.6014 276.9699 0001410  91.0328 269.1061 15.05652859 28517
STARLINK-34991          
1 65446U 25194N   26061.13991781  .00009364  00000+0  65210-3 0  9998
2 65446  97.6014 276.9833 0002527  72.0004 288.1497 15.05660918 28517
STARLINK-34920          
1 65447U 25194P   26061.12883879  .00003784  00000+0  26629-3 0  9997
2 65447  97.6036 276.9974 0001684  32.0705 328.0624 15.05654304 28513
STARLINK-35030          
1 65448U 25194Q   26061.15929856  .00006303  00000+0  44062-3 0  9998
2 65448  97.6008 276.9564 0001550  66.3474 293.7915 15.05652169 28511
STARLINK-35009          
1 65449U 25194R   26061.12053556  .00002267  00000+0  16126-3 0  9996
2 65449  97.6032 277.0099 0001943  69.0466 291.0968 15.05649693 28518
STARLINK-34970          
1 65450U 25194S   26061.11498739  .00005062  00000+0  35470-3 0  9992
2 65450  97.6022 276.8618 0002400  66.3902 293.7576 15.05656159 28505
STARLINK-35039          
1 65451U 25194T   26061.15100448  .00006299  00000+0  44045-3 0  9995
2 65451  97.6013 276.9676 0001766  82.1441 277.9986 15.05640101 28519
STARLINK-35084          
1 65452U 25194U   26061.16485290  .00014985  00000+0  10407-2 0  9993
2 65452  97.6013 276.9510 0002142  80.7220 279.4249 15.05641965 28513
STARLINK-34988          
1 65453U 25194V   26061.14862442  .00001918  00000+0  15383-3 0  9991
2 65453  97.6029 278.1123 0002400  59.7470 300.3992 15.01262834 28581
STARLINK-35059          
1 65454U 25194W   26061.15181610  .00003679  00000+0  29076-3 0  9994
2 65454  97.6032 277.6328 0001833  79.7515 280.3916 15.01265801 28555
STARLINK-34728          
1 65455U 25194X   26061.10944733  .00005057  00000+0  35441-3 0  9998
2 65455  97.6023 276.8697 0001893  88.4088 271.7356 15.05654895 28500
STARLINK-35005          
1 65456U 25194Y   26061.12331858  .00009305  00000+0  64816-3 0  9997
2 65456  97.6034 277.0063 0001164  57.8841 302.2498 15.05654466 28513
STARLINK-35076          
1 65457U 25194Z   26061.17036973  .00004548  00000+0  31913-3 0  9999
2 65457  97.6019 276.9433 0002309  83.2480 276.9010 15.05654391 28514
STARLINK-35112          
1 65520U 25200A   26061.15609385  .00004504  00000+0  31611-3 0  9996
2 65520  97.6024 132.3137 0000882 103.9782 256.1543 15.05655626 27990
STARLINK-35187          
1 65521U 25200B   26061.18656734 -.00013727  00000+0 -94971-3 0  9997
2 65521  97.6049 132.4282 0000826 110.6361 249.4954 15.05622184 28003
STARLINK-35188          
1 65522U 25200C   26061.16994949  .00006166  00000+0  43102-3 0  9996
2 65522  97.6022 132.4520 0001443  87.1705 272.9687 15.05662717 28006
STARLINK-35078          
1 65523U 25200D   26061.13948131  .00002707  00000+0  19170-3 0  9991
2 65523  97.6044 132.3373 0000513 106.6255 253.5028 15.05653215 27994
STARLINK-35055          
1 65524U 25200E   26061.13117649  .00005714  00000+0  39980-3 0  9996
2 65524  97.6051 132.3496 0000962 141.8920 218.2375 15.05656344 27996
STARLINK-35057          
1 65525U 25200F   26061.16440176  .00002233  00000+0  15893-3 0  9994
2 65525  97.6019 132.3054 0001164  92.3388 267.7972 15.05653067 27995
STARLINK-34674          
1 65526U 25200G   26061.17825582  .00002766  00000+0  19583-3 0  9995
2 65526  97.6032 132.4415 0000893  95.9878 264.1450 15.05651766 28014
STARLINK-35067          
1 65527U 25200H   26061.15057700  .00006201  00000+0  43384-3 0  9997
2 65527  97.6031 132.3218 0001467 106.3151 253.8237 15.05629600 27999
STARLINK-35063          
1 65528U 25200J   26061.16718188  .00004880  00000+0  34214-3 0  9996
2 65528  97.6019 132.4566 0000809  92.4193 267.7127 15.05657386 28000
STARLINK-35077          
1 65529U 25200K   26061.14501762  .00003926  00000+0  27611-3 0  9996
2 65529  97.6036 132.3306 0000262 110.8791 249.2464 15.05655757 27999
STARLINK-35152          
1 65530U 25200L   26061.12564028  .00005164  00000+0  36180-3 0  9997
2 65530  97.6044 132.3572 0001191  47.1379 312.9948 15.05657053 27997
STARLINK-35064          
1 65531U 25200M   26061.13671217  .00005181  00000+0  36298-3 0  9997
2 65531  97.6050 132.3422 0000324  88.7939 271.3325 15.05656518 27991
STARLINK-35170          
1 65532U 25200N   26061.17548866  .00004848  00000+0  33988-3 0  9997
2 65532  97.6026 132.4453 0001610  88.3026 271.8385 15.05658392 28008
STARLINK-35172          
1 65533U 25200P   26061.15332462  .00004828  00000+0  33851-3 0  9996
2 65533  97.6022 132.3196 0001230  90.6303 269.5065 15.05660917 27992
STARLINK-35125          
1 65534U 25200Q   26061.16163188  .00005002  00000+0  35055-3 0  9998
2 65534  97.6020 132.3091 0001227  96.8924 263.2443 15.05657091 27998
STARLINK-35133          
1 65535U 25200R   26061.18102354  .00005008  00000+0  35094-3 0  9998
2 65535  97.6033 132.4377 0000774 104.3536 255.7776 15.05658227 28001
STARLINK-35044          
1 65536U 25200S   26061.13394534  .00003848  00000+0  27069-3 0  9990
2 65536  97.6053 132.3464 0001155  92.7736 267.3623 15.05655131 27994
STARLINK-35136          
1 65537U 25200T   26061.14778669  .00004422  00000+0  31040-3 0  9990
2 65537  97.6031 132.3270 0000622  92.0513 268.0785 15.05657062 27903
STARLINK-35144          
1 65538U 25200U   26061.14225343  .00012201  00000+0  84753-3 0  9990
2 65538  97.6038 132.3344 0000656 182.6818 177.4406 15.05685487 27998
STARLINK-35110          
1 65539U 25200V   26061.17270212  .00006507  00000+0  45476-3 0  9990
2 65539  97.6029 132.4508 0001251 129.7487 230.3850 15.05649402 28000
STARLINK-35052          
1 65540U 25200W   26061.12287028  .00009364  00000+0  65225-3 0  9998
2 65540  97.6047 132.3612 0000506 104.3881 255.7402 15.05655602 27918
STARLINK-35087          
1 65541U 25200X   26061.12840801  .00005698  00000+0  39873-3 0  9999
2 65541  97.6045 132.3541 0000444  44.6682 315.4580 15.05656085 27999
STARLINK-35100          
1 65542U 25200Y   26061.15886227  .00005572  00000+0  39001-3 0  9999
2 65542  97.6022 132.3135 0000399 154.9490 205.1756 15.05654641 27991
STARLINK-35105          
1 65543U 25200Z   26061.18379876  .00006301  00000+0  44049-3 0  9999
2 65543  97.6040 132.4353 0000756 103.1390 256.9921 15.05654001 28008
STARLINK-35267          
1 65592U 25207A   26061.15473882  .00000461  00000+0  36164-4 0  9990
2 65592  97.6023 131.1717 0001173  99.8297 260.3062 15.05654206 27117
STARLINK-35269          
1 65593U 25207B   26061.18797358  .00003696  00000+0  26019-3 0  9991
2 65593  97.6047 131.2854 0001080  91.7404 268.3947 15.05655835 27125
STARLINK-35191          
1 65594U 25207C   26061.13812913  .00007702  00000+0  53703-3 0  9994
2 65594  97.6038 131.1966 0000442  85.7067 274.4210 15.05675694 26954
STARLINK-35261          
1 65595U 25207D   26061.17138389  .00023483  00000+0  16258-2 0  9994
2 65595  97.6030 131.3084 0001359  92.9388 267.1994 15.05660640 27138
STARLINK-35253          
1 65596U 25207E   26061.14643213  .00005026  00000+0  35221-3 0  9994
2 65596  97.6027 131.1846 0000729 146.4972 213.6301 15.05656519 26916
STARLINK-35263          
1 65597U 25207F   26061.12982014  .00003292  00000+0  23222-3 0  9999
2 65597  97.6052 131.2084 0000923  97.8460 262.2871 15.05654653 27120
STARLINK-35248          
1 65598U 25207G   26061.17969144  .00010924  00000+0  76014-3 0  9991
2 65598  97.6036 131.2962 0001146  91.9674 268.1684 15.05648678 27136
STARLINK-35245          
1 65599U 25207H   26061.16305659  .00004978  00000+0  34894-3 0  9998
2 65599  97.6021 131.3183 0000656 140.5356 219.5919 15.05656104 27134
STARLINK-35229          
1 65600U 25207J   26061.15196986  .00003257  00000+0  22981-3 0  9994
2 65600  97.6025 131.1767 0000871  94.3647 265.7679 15.05653525 27124
STARLINK-35234          
1 65601U 25207K   26061.14366174  .00005979  00000+0  41812-3 0  9999
2 65601  97.6033 131.1890 0000306 211.7948 148.3260 15.05661228 27124
STARLINK-35255          
1 65602U 25207L   26061.12705362  .00005544  00000+0  38802-3 0  9997
2 65602  97.6048 131.2126 0000768  58.4867 301.6434 15.05659208 27124
STARLINK-35250          
1 65603U 25207M   26061.17690001  .00004462  00000+0  31317-3 0  9998
2 65603  97.6031 131.2997 0001024  94.6698 265.4646 15.05657725 27138
STARLINK-35251          
1 65604U 25207N   26061.13258954  .00004530  00000+0  31792-3 0  9995
2 65604  97.6050 131.2047 0000822  95.4482 264.6839 15.05656163 27120
STARLINK-35171          
1 65605U 25207P   26061.18520685  .00004513  00000+0  31659-3 0  9997
2 65605  97.6041 131.2884 0001050 104.2754 255.8589 15.05670716 26971
STARLINK-35195          
1 65606U 25207Q   26061.16028985  .00005507  00000+0  38549-3 0  9991
2 65606  97.6019 131.3223 0000830  99.1364 260.9956 15.05656340 27130
STARLINK-35156          
1 65607U 25207R   26061.16582598  .00004609  00000+0  32340-3 0  9992
2 65607  97.6022 131.3145 0000750 106.9642 253.1667 15.05656982 27130
STARLINK-35185          
1 65608U 25207S   26061.12428465  .00004243  00000+0  29805-3 0  9997
2 65608  97.6047 131.2160 0000819  88.1040 272.0281 15.05656519 27120
STARLINK-35053          
1 65609U 25207T   26061.17414789  .00008908  00000+0  62084-3 0  9995
2 65609  97.6026 131.3034 0001090 119.1581 240.9754 15.05645955 26979
STARLINK-35178          
1 65610U 25207U   26061.13535765  .00003212  00000+0  22671-3 0  9992
2 65610  97.6044 131.2005 0000696 108.5482 251.5821 15.05652901 27121
STARLINK-35186          
1 65611U 25207V   26061.15751418  .00010006  00000+0  69611-3 0  9994
2 65611  97.6021 131.1724 0000748  75.7888 284.3421 15.05680159 27123
STARLINK-35154          
1 65612U 25207W   26061.16859659  .00005223  00000+0  36582-3 0  9998
2 65612  97.6020 131.3108 0001499  83.5324 276.6073 15.05658528 26971
STARLINK-35162          
1 65613U 25207X   26061.18243842  .00004865  00000+0  34105-3 0  9992
2 65613  97.6042 131.2926 0001111  91.2791 268.8563 15.05657056 27139
STARLINK-35206          
1 65614U 25207Y   26061.14089495  .00005140  00000+0  36009-3 0  9993
2 65614  97.6039 131.1935 0000790  91.2993 268.8324 15.05657523 27012
STARLINK-35174          
1 65615U 25207Z   26061.14920152  .00004554  00000+0  31957-3 0  9993
2 65615  97.6026 131.1802 0000555  97.5283 262.6007 15.05656114 27129
STARLINK-35328          
1 65652U 25211A   26061.08231296  .00024522  00000+0  16954-2 0  9992
2 65652  97.6018 106.5103 0001227 118.0642 242.0709 15.05703625 25899
STARLINK-34210          
1 65653U 25211B   26061.07677845  .00005027  00000+0  35225-3 0  9998
2 65653  97.6026 106.5185 0000974  94.4518 265.6820 15.05658303 25893
STARLINK-35227          
1 65654U 25211C   26061.13771080 -.00002233  00000+0 -15065-3 0  9990
2 65654  97.6025 106.5919 0000939  95.5064 264.6270 15.05632043 25900
STARLINK-35240          
1 65655U 25211D   26061.07953348 -.00006819  00000+0 -46893-3 0  9990
2 65655  97.6025 106.5146 0000971  90.0487 270.0851 15.05644054 25897
STARLINK-35344          
1 65656U 25211E   26061.07400868  .00006150  00000+0  42995-3 0  9990
2 65656  97.6026 106.5224 0000864  99.2538 260.8787 15.05661069 25895
STARLINK-34540          
1 65657U 25211F   26061.06847055  .00004933  00000+0  34569-3 0  9998
2 65657  97.6018 106.5296 0002052 126.2256 233.9161 15.05670781 25893
STARLINK-35282          
1 65658U 25211G   26061.12939438  .00003290  00000+0  23211-3 0  9990
2 65658  97.6040 106.6034 0001034 102.3291 257.8051 15.05652436 25905
STARLINK-35120          
1 65659U 25211H   26061.13216081  .00004765  00000+0  33416-3 0  9990
2 65659  97.6035 106.5998 0001085 160.0756 200.0513 15.05656599 25908
STARLINK-35246          
1 65660U 25211J   26061.12663375  .00004606  00000+0  32336-3 0  9997
2 65660  97.6043 106.6073 0001758  92.4899 267.6529 15.05637248 25903
STARLINK-35220          
1 65661U 25211K   26061.12386328 -.00006377  00000+0 -43859-3 0  9999
2 65661  97.6038 106.6116 0001592  86.8004 273.3405 15.05609894 25900
STARLINK-35176          
1 65662U 25211L   26061.12108786  .00004216  00000+0  29619-3 0  9996
2 65662  97.6040 106.6148 0001113 119.9521 240.1817 15.05658250 25909
STARLINK-35190          
1 65663U 25211M   26061.11832757  .00006677  00000+0  46652-3 0  9997
2 65663  97.6043 106.6187 0001812  91.4443 268.6991 15.05652101 25906
STARLINK-35201          
1 65664U 25211N   26061.11555374  .00002898  00000+0  20498-3 0  9996
2 65664  97.6040 106.6226 0001709  92.4465 267.6957 15.05652502 25904
STARLINK-35115          
1 65665U 25211P   26061.11278409  .00003379  00000+0  23828-3 0  9993
2 65665  97.6037 106.6264 0001383 121.2177 238.9186 15.05652225 25909
STARLINK-35181          
1 65666U 25211Q   26061.11001103  .00002304  00000+0  16390-3 0  9992
2 65666  97.6038 106.6307 0001524 108.4711 251.6681 15.05636168 25907
STARLINK-35361          
1 65667U 25211R   26061.10726083  .00000451  00000+0  35450-4 0  9993
2 65667  97.6031 106.6335 0001432  97.0556 263.0833 15.05629929 25903
STARLINK-35351          
1 65668U 25211S   26061.10447858  .00003948  00000+0  27763-3 0  9995
2 65668  97.6025 106.6368 0001649  88.7893 271.3523 15.05654882 25908
STARLINK-35353          
1 65669U 25211T   26061.10171263  .00005807  00000+0  40640-3 0  9995
2 65669  97.6022 106.6409 0001255 106.1321 254.0044 15.05643159 25907
STARLINK-35359          
1 65670U 25211U   26061.09894068  .00003330  00000+0  23488-3 0  9990
2 65670  97.6020 106.6443 0001046 132.5515 227.5801 15.05652144 25901
STARLINK-35194          
1 65671U 25211V   26061.09340725  .00002245  00000+0  15977-3 0  9995
2 65671  97.6016 106.6517 0000637 116.6551 243.4741 15.05646098 25908
STARLINK-35198          
1 65672U 25211W   26061.09617218  .00002888  00000+0  20424-3 0  9996
2 65672  97.6016 106.6477 0001382 133.4455 226.6887 15.05652724 25909
STARLINK-35177          
1 65673U 25211X   26061.08786859  .00003209  00000+0  22653-3 0  9998
2 65673  97.6020 106.6593 0001971 114.5120 245.6313 15.05652147 25901
STARLINK-35254          
1 65674U 25211Y   26061.08509647  .00001026  00000+0  75292-4 0  9990
2 65674  97.6022 106.6634 0000647 128.0490 232.0795 15.05653720 25901
STARLINK-34749          
1 65675U 25211Z   26061.09065227 -.00003414  00000+0 -23260-3 0  9995
2 65675  97.6015 106.6549 0000834 135.8429 224.2864 15.05632472 25906
STARLINK-35330          
1 65791U 25218A   26061.16818916  .00002224  00000+0  15831-3 0  9991
2 65791  97.6023 285.4739 0001586  86.7501 273.3907 15.05651496 23831
STARLINK-35373          
1 65792U 25218B   26061.13498475  .00004295  00000+0  30179-3 0  9995
2 65792  97.6022 285.5184 0001421  37.9492 322.1835 15.05635408 23839
STARLINK-35383          
1 65793U 25218C   26061.11834227  .00019920  00000+0  13793-2 0  9996
2 65793  97.6010 285.5408 0002572  70.5363 289.6142 15.05692452 23834
STARLINK-35378          
1 65794U 25218D   26061.15988326  .00002855  00000+0  20194-3 0  9994
2 65794  97.6034 285.4857 0001932  60.5590 299.5830 15.05653915 23833
STARLINK-35406          
1 65795U 25218E   26061.15158073  .00003783  00000+0  26619-3 0  9992
2 65795  97.6038 285.4962 0002923  78.1324 282.0230 15.05655226 23834
STARLINK-35390          
1 65796U 25218F   26061.12666188  .00004413  00000+0  30980-3 0  9998
2 65796  97.6015 285.5300 0001980  79.6564 280.4886 15.05654112 23833
STARLINK-35412          
1 65797U 25218G   26061.11004856  .00004544  00000+0  31891-3 0  9993
2 65797  97.6015 285.5535 0001382  87.5219 272.6166 15.05656389 23837
STARLINK-35414          
1 65798U 25218H   26061.14326190 -.00001763  00000+0 -11792-3 0  9995
2 65798  97.6031 285.5082 0002837  96.5800 263.5749 15.05658897 23837
STARLINK-35357          
1 65799U 25218J   26061.14881114  .00000947  00000+0  69870-4 0  9990
2 65799  97.6035 285.5006 0002051  88.2069 271.9392 15.05649108 23833
STARLINK-35300          
1 65800U 25218K   26061.16542147  .00003058  00000+0  21602-3 0  9991
2 65800  97.6026 285.4783 0001958  88.6533 271.4918 15.05652430 23833
STARLINK-35296          
1 65801U 25218L   26061.11558581  .00006108  00000+0  42708-3 0  9995
2 65801  97.6024 285.5435 0001653  88.8083 271.3333 15.05658455 23834
STARLINK-34919          
1 65802U 25218M   26061.13220199  .00006327  00000+0  44221-3 0  9994
2 65802  97.6019 285.5223 0001962  88.8062 271.3389 15.05656064 23839
STARLINK-35286          
1 65803U 25218N   26061.16265184  .00003514  00000+0  24757-3 0  9998
2 65803  97.6032 285.4818 0001895  87.8894 272.2550 15.05654266 23833
STARLINK-35266          
1 65804U 25218P   26061.15711519  .00004212  00000+0  29590-3 0  9992
2 65804  97.6032 285.4872 0001600  78.2035 281.9371 15.05656045 23834
STARLINK-35273          
1 65805U 25218Q   26061.15433298 -.00004282  00000+0 -29277-3 0  9999
2 65805  97.6040 285.4924 0002056  79.6030 280.5428 15.05645187 23831
STARLINK-35047          
1 65806U 25218R   26061.14050668  .00002462  00000+0  17479-3 0  9992
2 65806  97.6032 285.5121 0002623  75.9822 284.1696 15.05652166 23833
STARLINK-35285          
1 65807U 25218S   26061.14604243  .00003539  00000+0  24935-3 0  9998
2 65807  97.6037 285.5049 0002371  83.3301 276.8195 15.05654951 23839
STARLINK-34580          
1 65808U 25218T   26061.13773646  .00004307  00000+0  30248-3 0  9990
2 65808  97.6034 285.5152 0001911  63.9870 296.1554 15.05653986 23837
STARLINK-35289          
1 65809U 25218U   26061.12943020  .00003102  00000+0  21910-3 0  9993
2 65809  97.6017 285.5261 0002118  81.5092 278.6374 15.05652890 23830
STARLINK-35268          
1 65810U 25218V   26061.12112559  .00003286  00000+0  23179-3 0  9992
2 65810  97.6011 285.5368 0002167  83.2857 276.8616 15.05651770 23831
STARLINK-35224          
1 65811U 25218W   26061.12389972  .00006119  00000+0  42797-3 0  9993
2 65811  97.6009 285.5334 0002223  79.8966 280.2512 15.05645981 23838
STARLINK-35271          
1 65812U 25218X   26061.11280463 -.00003400  00000+0 -23157-3 0  9999
2 65812  97.6016 285.5497 0002001  90.0713 270.0743 15.05645156 23833
STARLINK-35215          
1 65813U 25218Y   26061.10727949  .00005041  00000+0  35322-3 0  9992
2 65813  97.6018 285.5569 0001503 102.8507 257.2888 15.05658931 23837
STARLINK-35157          
1 65814U 25218Z   26061.17097090  .00001803  00000+0  12916-3 0  9993
2 65814  97.6019 285.6265 0001866  79.7016 280.4421 15.05650242 23841
