STARLINK-1210           
1 45207U 20012AF  26061.31100319  .02067051  11915-4  75342-3 0  9992
2 45207  53.0019 296.6314 0006171 238.6928 121.3508 16.23971856335731
STARLINK-1294           
1 45551U 20025W   26061.11802424  .04216685  12031-4  10337-2 0  9995
2 45551  53.0203  12.7559 0002424 213.3471 146.7418 16.28537271325741
STARLINK-1601           
1 46120U 20057D   26061.11849203  .02168958  11782-4  11748-2 0  9995
2 46120  53.0321 293.5758 0006053 241.8001 118.2426 16.19022270307002
STARLINK-1710           
1 46330U 20062F   26061.27886341  .03800564  11943-4  11985-2 0  9994
2 46330  53.0227 314.6814 0007497 224.8767 135.1668 16.25633126304537
STARLINK-1750           
1 46337U 20062N   26061.12106674  .04279823  11955-4  13023-2 0  9996
2 46337  53.0270 328.9506 0005763 215.5745 144.4912 16.26078723304313
STARLINK-1651           
1 46366U 20062AT  26061.41056015  .06094761  12107-4  10338-2 0  9997
2 46366  53.0219 302.5009 0007878 243.2514 116.7724 16.32271706304704
STARLINK-1848           
1 46740U 20074B   26061.07989374  .02551074  11795-4  13097-2 0  9999
2 46740  53.0272 290.0666 0006357 224.2484 135.8046 16.19709794296443
